0.1357055,-0.1581045,2.231155,2012-06-14_045007595
0.1329105,-0.158398,2.231224,2012-06-14_045007735
0.1316469,-0.1584145,2.231757,2012-06-14_045007827
0.130694,-0.1582685,2.232113,2012-06-14_045007917
0.1267168,-0.1563145,2.231318,2012-06-14_045008033
0.1234891,-0.154383,2.229603,2012-06-14_045008109
0.1150023,-0.15011,2.224008,2012-06-14_045008210
0.1107886,-0.1481725,2.220869,2012-06-14_045008301
0.1017371,-0.1453061,2.214183,2012-06-14_045008392
0.09186272,-0.1416007,2.207746,2012-06-14_045008472
0.06247481,-0.1290892,2.184054,2012-06-14_045008562
0.04146868,-0.1148586,2.16703,2012-06-14_045008636
0.02797824,-0.09413174,2.16071,2012-06-14_045008711
0.02054525,-0.08387248,2.158489,2012-06-14_045008796
0.01924266,-0.1131067,2.158999,2012-06-14_045008874
0.05735204,-0.1577615,2.192027,2012-06-14_045008961
0.09028311,-0.1701321,2.213375,2012-06-14_045009040
0.1911969,-0.1450561,2.255217,2012-06-14_045009132
0.2418524,-0.1182802,2.271186,2012-06-14_045009206
0.3281886,-0.04371177,2.272417,2012-06-14_045009293
0.3808177,0.003399772,2.290695,2012-06-14_045009372
0.4494764,0.1045722,2.314163,2012-06-14_045009459
0.4883294,0.1711298,2.321648,2012-06-14_045009540
0.5231766,0.2687573,2.322312,2012-06-14_045009624
0.4775958,0.3993775,2.341851,2012-06-14_045009704
0.5432371,0.518875,2.347182,2012-06-14_045009797
0.5114383,0.5461028,2.349244,2012-06-14_045009869
0.5258859,0.6002036,2.359231,2012-06-14_045009946
0.5365598,0.6391693,2.359395,2012-06-14_045010039
0.5538586,0.6737674,2.356461,2012-06-14_045010132
0.5618191,0.6924614,2.358759,2012-06-14_045010201
0.5742013,0.7071155,2.367058,2012-06-14_045010281
0.5689295,0.7148635,2.382682,2012-06-14_045010367
0.5586656,0.7090404,2.388328,2012-06-14_045010440
0.5519561,0.6693932,2.383724,2012-06-14_045010526
0.5527845,0.6211873,2.377631,2012-06-14_045010600
0.5183586,0.5247033,2.37173,2012-06-14_045010670
0.5189191,0.3946421,2.362825,2012-06-14_045010771
0.5525345,0.3635708,2.350409,2012-06-14_045010841
0.5487569,0.1213593,2.311636,2012-06-14_045010936
0.5250854,0.002014291,2.27573,2012-06-14_045011004
0.4064012,-0.1539979,2.236058,2012-06-14_045011092
0.3186303,-0.2386796,2.217227,2012-06-14_045011175
0.1738407,-0.3337532,2.199221,2012-06-14_045011269
0.07062481,-0.3571335,2.185127,2012-06-14_045011361
0.03186637,-0.3330381,2.178195,2012-06-14_045011441
0.03146962,-0.2616634,2.187757,2012-06-14_045011535
0.08558933,-0.2104302,2.210582,2012-06-14_045011609
0.182604,-0.1209944,2.24456,2012-06-14_045011708
0.2813113,-0.04571886,2.255142,2012-06-14_045011793
0.335552,-0.01035947,2.261418,2012-06-14_045011872
0.356813,0.02143833,2.277257,2012-06-14_045011943
0.4002811,0.1128964,2.317716,2012-06-14_045012037
0.4381529,0.2082574,2.347403,2012-06-14_045012129
0.4633621,0.2800727,2.374181,2012-06-14_045012211
0.443458,0.3507692,2.401953,2012-06-14_045012307
0.441151,0.3824267,2.413058,2012-06-14_045012374
0.4663911,0.417224,2.429705,2012-06-14_045012450
0.4706571,0.4255247,2.433588,2012-06-14_045012539
0.4635691,0.4285132,2.434491,2012-06-14_045012629
0.4645053,0.4362077,2.43411,2012-06-14_045012702
0.4654006,0.4437294,2.436357,2012-06-14_045012787
0.4792038,0.4946713,2.413175,2012-06-14_045012863
0.4822999,0.5053877,2.409295,2012-06-14_045012941
0.4584036,0.5130203,2.410808,2012-06-14_045013029
0.4384787,0.5585352,2.391098,2012-06-14_045013112
0.453155,0.5937957,2.408564,2012-06-14_045013202
0.4099,0.648732,2.356659,2012-06-14_045013282
0.3905503,0.6706262,2.33979,2012-06-14_045013364
0.3594894,0.6751876,2.321497,2012-06-14_045013442
0.3316979,0.6827843,2.279218,2012-06-14_045013534
0.3212664,0.6826813,2.256929,2012-06-14_045013612
0.3134291,0.6835769,2.240088,2012-06-14_045013701
0.306648,0.6978939,2.231827,2012-06-14_045013791
0.2950608,0.7241023,2.228642,2012-06-14_045013869
0.2829041,0.7591377,2.231418,2012-06-14_045013944
0.2616678,0.7992215,2.239076,2012-06-14_045014062
0.2562075,0.8028446,2.240827,2012-06-14_045014134
0.2286319,0.7803258,2.237494,2012-06-14_045014214
0.209086,0.7616596,2.231841,2012-06-14_045014303
0.2186714,0.7368398,2.215998,2012-06-14_045014387
0.2349123,0.7102556,2.203268,2012-06-14_045014468
0.2593288,0.6862651,2.199582,2012-06-14_045014555
0.2880012,0.6661824,2.20371,2012-06-14_045014633
0.3140966,0.6532732,2.215705,2012-06-14_045014722
0.3337948,0.6397891,2.234538,2012-06-14_045014801
0.3471091,0.6209671,2.24503,2012-06-14_045014876
0.34077,0.5570847,2.235381,2012-06-14_045014967
0.3469634,0.529691,2.247699,2012-06-14_045015058
0.3591224,0.5012661,2.259917,2012-06-14_045015140
0.369711,0.4480369,2.263334,2012-06-14_045015214
0.3734462,0.4107789,2.260518,2012-06-14_045015299
0.378461,0.3781796,2.257327,2012-06-14_045015372
0.3920166,0.3256077,2.252966,2012-06-14_045015460
0.3977309,0.2996632,2.253741,2012-06-14_045015533
0.4011412,0.2751527,2.261322,2012-06-14_045015612
0.411738,0.2483922,2.271556,2012-06-14_045015706
0.4261596,0.2190578,2.27878,2012-06-14_045015775
0.4306465,0.1831697,2.28359,2012-06-14_045015857
0.416444,0.1611253,2.273104,2012-06-14_045015953
0.3945166,0.1478248,2.232337,2012-06-14_045016029
0.3605935,0.1487603,2.170599,2012-06-14_045016110
0.2850521,0.1590159,2.085126,2012-06-14_045016196
0.2133024,0.1636606,2.045117,2012-06-14_045016273
0.09412,0.1622799,2.011339,2012-06-14_045016364
0.003370207,0.1632575,1.992366,2012-06-14_045016454
-0.03901,0.1627548,1.987826,2012-06-14_045016532
-0.09938042,0.1563545,1.997998,2012-06-14_045016622
-0.126593,0.1505316,2.011081,2012-06-14_045016698
-0.1566712,0.1393931,2.061716,2012-06-14_045016773
-0.1657915,0.136937,2.07992,2012-06-14_045016861
-0.163513,0.1376779,2.083948,2012-06-14_045016938
-0.1552187,0.1384058,2.072301,2012-06-14_045017017
-0.1229739,0.1333514,2.043237,2012-06-14_045017099
-0.1004466,0.1298817,2.028813,2012-06-14_045017182
-0.01793702,0.1287385,2.02731,2012-06-14_045017257
0.03997912,0.1334662,2.034548,2012-06-14_045017337
0.1135295,0.1390192,2.053019,2012-06-14_045017409
0.1993412,0.1472479,2.083791,2012-06-14_045017492
0.2307115,0.1501261,2.098774,2012-06-14_045017569
0.2755746,0.1517635,2.123705,2012-06-14_045017655
0.2926402,0.1509569,2.135667,2012-06-14_045017733
0.3003463,0.1462093,2.146446,2012-06-14_045017824
0.2815605,0.1324537,2.151042,2012-06-14_045017900
0.2216212,0.1185737,2.131361,2012-06-14_045017985
0.1908275,0.1354196,2.091612,2012-06-14_045018057
0.1635163,0.174442,2.045214,2012-06-14_045018132
0.1244021,0.2236165,2.001976,2012-06-14_045018218
0.101246,0.3028758,1.959643,2012-06-14_045018300
0.06892116,0.4390996,1.942939,2012-06-14_045018395
0.03735788,0.50208,1.939253,2012-06-14_045018468
0.01308879,0.5647331,1.938172,2012-06-14_045018544
-0.01122111,0.6811362,1.941113,2012-06-14_045018629
-0.003700924,0.7595343,2.044605,2012-06-14_045018722
-0.02227082,0.8049898,2.045526,2012-06-14_045018800
-0.02422465,0.8037211,2.055742,2012-06-14_045018889
-0.02328403,0.7926621,2.054308,2012-06-14_045018963
-0.03852259,0.8001968,2.02074,2012-06-14_045019034
-0.01618883,0.6953148,2.011858,2012-06-14_045019123
-0.01500197,0.6550089,1.989346,2012-06-14_045019207
-0.02219144,0.5839723,1.952694,2012-06-14_045019293
-0.02684776,0.5296543,1.933404,2012-06-14_045019373
-0.01847146,0.4271564,1.918184,2012-06-14_045019453
-0.005111502,0.3187801,1.929062,2012-06-14_045019528
-0.003281172,0.2108864,1.95097,2012-06-14_045019621
-0.009393721,0.1038007,1.972826,2012-06-14_045019686
-0.01234915,0.05123726,1.988166,2012-06-14_045019762
-0.02080598,-0.009069334,2.055799,2012-06-14_045019840
-0.009807118,-0.04035903,2.071421,2012-06-14_045019909
-0.01946993,-0.08668146,2.089716,2012-06-14_045019991
-0.02838887,-0.1086579,2.099754,2012-06-14_045020073
-0.03818649,-0.1227738,2.103572,2012-06-14_045020159
-0.04188017,-0.1159465,2.08846,2012-06-14_045020233
-0.03712501,-0.07180467,2.039635,2012-06-14_045020308
-0.01396459,0.002852991,1.961465,2012-06-14_045020388
0.001024199,0.07184455,1.910709,2012-06-14_045020466
0.01274478,0.2254249,1.869777,2012-06-14_045020560
0.01645611,0.303377,1.85786,2012-06-14_045020630
0.01815643,0.39879,1.851066,2012-06-14_045020700
0.01282719,0.4541359,1.848415,2012-06-14_045020782
-0.001484431,0.5252151,1.866004,2012-06-14_045020856
-0.008743769,0.5890887,1.91118,2012-06-14_045020930
-0.01563547,0.6251997,1.941567,2012-06-14_045021017
-0.01893618,0.6542029,1.957339,2012-06-14_045021094
-0.02362301,0.6958295,1.98967,2012-06-14_045021168
-0.02751132,0.7236241,2.013233,2012-06-14_045021262
-0.02987522,0.7316549,2.019289,2012-06-14_045021338
-0.03359866,0.7359988,2.020173,2012-06-14_045021430
-0.04015733,0.7276543,2.007679,2012-06-14_045021503
-0.054996,0.6801442,1.974766,2012-06-14_045021586
-0.05900141,0.6328591,1.952245,2012-06-14_045021661
-0.06489953,0.5718908,1.934121,2012-06-14_045021738
-0.05325406,0.4538584,1.905372,2012-06-14_045021826
-0.03654533,0.3496747,1.898256,2012-06-14_045021917
-0.04962403,0.2511764,1.923635,2012-06-14_045021987
-0.09031207,0.1410352,1.955976,2012-06-14_045022064
-0.08501028,0.08721811,2.020423,2012-06-14_045022154
-0.04724273,-0.008371711,2.045611,2012-06-14_045022227
0.0115935,-0.08011661,2.0647,2012-06-14_045022326
0.07667316,-0.07066572,2.115087,2012-06-14_045022404
0.2058223,-0.01202329,2.197457,2012-06-14_045022486
0.2670473,0.0339729,2.228594,2012-06-14_045022562
0.3261899,0.05628699,2.250512,2012-06-14_045022638
0.4089185,0.1348784,2.286561,2012-06-14_045022723
0.4638714,0.2147169,2.314786,2012-06-14_045022805
0.478611,0.2824653,2.334574,2012-06-14_045022892
0.4856849,0.3299589,2.352517,2012-06-14_045022967
0.4912691,0.3671705,2.360872,2012-06-14_045023054
0.4840954,0.441662,2.364807,2012-06-14_045023130
0.4886537,0.4324606,2.36132,2012-06-14_045023210
0.5104628,0.3605378,2.330995,2012-06-14_045023297
0.5090349,0.3060896,2.297875,2012-06-14_045023372
0.4948163,0.2497527,2.270769,2012-06-14_045023457
0.4630383,0.1598859,2.237767,2012-06-14_045023528
0.4335275,0.09296477,2.217857,2012-06-14_045023602
0.3517527,0.01213788,2.204387,2012-06-14_045023694
0.3066043,-0.0294912,2.188774,2012-06-14_045023763
0.2694595,-0.05472465,2.173008,2012-06-14_045023838
0.2319682,-0.07019521,2.155685,2012-06-14_045023928
0.1746039,-0.08517098,2.127419,2012-06-14_045024008
0.09170888,-0.07071983,2.064877,2012-06-14_045024094
0.02308274,-0.07391506,2.016115,2012-06-14_045024174
-0.07095273,-0.06219241,1.999202,2012-06-14_045024261
-0.1574599,-0.02452406,1.997742,2012-06-14_045024336
-0.2716709,0.02897114,2.028932,2012-06-14_045024426
-0.3561449,0.0562149,2.056597,2012-06-14_045024505
-0.4465011,0.09930454,2.095159,2012-06-14_045024593
-0.4772872,0.1671765,2.134143,2012-06-14_045024675
-0.4543898,0.2527883,2.11983,2012-06-14_045024756
-0.4483927,0.2570417,2.112672,2012-06-14_045024832
-0.4453796,0.1804961,2.094247,2012-06-14_045024903
-0.4335552,0.01617832,2.088161,2012-06-14_045024998
-0.3616249,-0.09580495,2.039453,2012-06-14_045025092
-0.2510513,-0.09114905,1.998734,2012-06-14_045025166
-0.1227858,-0.05704394,1.977088,2012-06-14_045025241
-0.05408068,-0.07423392,1.951788,2012-06-14_045025333
0.0130826,-0.07215925,1.934104,2012-06-14_045025409
0.08389124,-0.05066685,1.906594,2012-06-14_045025496
0.2358242,0.05185452,1.887479,2012-06-14_045025597
0.3387811,0.1629417,1.901764,2012-06-14_045025672
0.3900453,0.2268674,1.955736,2012-06-14_045025759
0.4381969,0.2953146,2.020874,2012-06-14_045025840
0.4656962,0.3470704,2.062736,2012-06-14_045025929
0.4723806,0.3953143,2.085112,2012-06-14_045026012
0.474117,0.4703945,2.103192,2012-06-14_045026173
0.4659092,0.5850607,2.131987,2012-06-14_045026255
0.4483789,0.6445696,2.148861,2012-06-14_045026323
0.4431384,0.7099293,2.159484,2012-06-14_045026407
0.43258,0.7600572,2.17336,2012-06-14_045026492
0.4147361,0.7948313,2.184023,2012-06-14_045026586
0.4044628,0.8075162,2.1847,2012-06-14_045026662
0.424589,0.7805776,2.163425,2012-06-14_045026740
0.458926,0.7079103,2.130284,2012-06-14_045026826
0.4680642,0.5512868,2.064468,2012-06-14_045026902
0.4652454,0.4365771,2.014939,2012-06-14_045026992
0.4298833,0.2584925,1.91792,2012-06-14_045027080
0.3324042,0.09024625,1.826805,2012-06-14_045027166
0.2419183,-0.0089602,1.790381,2