-0.1452192,0.7844009,2.343717,2012-06-14_045007595
-0.1473304,0.7839189,2.34306,2012-06-14_045007735
-0.1484486,0.7837647,2.343066,2012-06-14_045007827
-0.149291,0.7836978,2.343254,2012-06-14_045007917
-0.1512728,0.7837572,2.34417,2012-06-14_045008033
-0.1522747,0.7838529,2.344769,2012-06-14_045008109
-0.1541456,0.7841488,2.345994,2012-06-14_045008210
-0.155059,0.7842837,2.346558,2012-06-14_045008301
-0.1561767,0.7844475,2.347365,2012-06-14_045008392
-0.1567962,0.7845635,2.347891,2012-06-14_045008472
-0.1577254,0.7846965,2.348567,2012-06-14_045008562
-0.1583824,0.7847707,2.348942,2012-06-14_045008636
-0.159251,0.7847926,2.349285,2012-06-14_045008711
-0.1612879,0.7847661,2.349786,2012-06-14_045008796
-0.1641736,0.784672,2.350139,2012-06-14_045008874
-0.1710065,0.7847285,2.351369,2012-06-14_045008961
-0.1781273,0.7852703,2.352769,2012-06-14_045009040
-0.1884079,0.7866747,2.355552,2012-06-14_045009132
-0.1948787,0.7878901,2.357796,2012-06-14_045009206
-0.2041126,0.7899183,2.361537,2012-06-14_045009293
-0.2109472,0.7910343,2.36423,2012-06-14_045009372
-0.2205754,0.7916939,2.368226,2012-06-14_045009459
-0.2260893,0.7919005,2.370959,2012-06-14_045009540
-0.2322588,0.792018,2.374768,2012-06-14_045009624
-0.2361444,0.792293,2.377639,2012-06-14_045009704
-0.2411904,0.7932802,2.381562,2012-06-14_045009797
-0.2435455,0.7939704,2.383245,2012-06-14_045009869
-0.2458023,0.7952443,2.384937,2012-06-14_045009946
-0.2466757,0.7961106,2.385444,2012-06-14_045010039
-0.2470699,0.7971909,2.384871,2012-06-14_045010132
-0.2455104,0.7961299,2.381779,2012-06-14_045010201
-0.2381873,0.7859048,2.371597,2012-06-14_045010281
-0.2255666,0.7573915,2.355141,2012-06-14_045010367
-0.2209348,0.7369488,2.346846,2012-06-14_045010440
-0.2179843,0.7097858,2.337317,2012-06-14_045010526
-0.2174799,0.6961861,2.332227,2012-06-14_045010600
-0.2190688,0.678861,2.325019,2012-06-14_045010670
-0.2225901,0.6597356,2.315845,2012-06-14_045010771
-0.2236655,0.6547732,2.313374,2012-06-14_045010841
-0.2294529,0.6334385,2.302836,2012-06-14_045010936
-0.2311125,0.6274644,2.30035,2012-06-14_045011004
-0.2325069,0.6229814,2.299292,2012-06-14_045011092
-0.2331018,0.6214331,2.300318,2012-06-14_045011175
-0.2339691,0.6207062,2.304819,2012-06-14_045011269
-0.2343432,0.6234991,2.314708,2012-06-14_045011361
-0.2349308,0.6299054,2.324365,2012-06-14_045011441
-0.2379301,0.6441991,2.336907,2012-06-14_045011535
-0.242664,0.6565046,2.343675,2012-06-14_045011609
-0.2514255,0.6802406,2.353459,2012-06-14_045011708
-0.2575364,0.7001709,2.360486,2012-06-14_045011793
-0.2613921,0.7137979,2.3649,2012-06-14_045011872
-0.2648678,0.7262688,2.368757,2012-06-14_045011943
-0.2704954,0.7439686,2.375011,2012-06-14_045012037
-0.2777879,0.7579197,2.379404,2012-06-14_045012129
-0.2850773,0.7668859,2.383034,2012-06-14_045012211
-0.2949476,0.7758523,2.387511,2012-06-14_045012307
-0.2994141,0.779054,2.388576,2012-06-14_045012374
-0.3039259,0.7817583,2.388644,2012-06-14_045012450
-0.3064955,0.7830752,2.387901,2012-06-14_045012539
-0.3100217,0.7845153,2.386093,2012-06-14_045012629
-0.3133819,0.7854363,2.384222,2012-06-14_045012702
-0.327271,0.7853317,2.374634,2012-06-14_045012787
-0.3386691,0.7840949,2.365866,2012-06-14_045012863
-0.3522569,0.7804759,2.354053,2012-06-14_045012941
-0.3724595,0.7734892,2.335841,2012-06-14_045013029
-0.3850897,0.769975,2.325363,2012-06-14_045013112
-0.4102334,0.7629133,2.304759,2012-06-14_045013202
-0.4282053,0.7564366,2.291021,2012-06-14_045013282
-0.4553715,0.7431435,2.267823,2012-06-14_045013364
-0.468578,0.7329143,2.251485,2012-06-14_045013442
-0.4869586,0.7151679,2.226594,2012-06-14_045013534
-0.5005851,0.7025565,2.212405,2012-06-14_045013612
-0.5264639,0.6794428,2.193146,2012-06-14_045013701
-0.553986,0.65381,2.177586,2012-06-14_045013791
-0.5667676,0.6419949,2.171955,2012-06-14_045013869
-0.5781693,0.6310462,2.166927,2012-06-14_045013944
-0.5925268,0.6160315,2.15932,2012-06-14_045014062
-0.5965813,0.6106895,2.156454,2012-06-14_045014134
-0.6026927,0.601252,2.151839,2012-06-14_045014214
-0.6082429,0.5941749,2.148679,2012-06-14_045014303
-0.6119937,0.5897762,2.146483,2012-06-14_045014387
-0.6128263,0.5891831,2.145732,2012-06-14_045014468
-0.6043568,0.6067985,2.150796,2012-06-14_045014555
-0.5973396,0.6234638,2.160719,2012-06-14_045014633
-0.5852457,0.6475703,2.181963,2012-06-14_045014722
-0.5793568,0.6600376,2.19561,2012-06-14_045014801
-0.5747672,0.6707805,2.210685,2012-06-14_045014876
-0.5709391,0.682131,2.232267,2012-06-14_045014967
-0.570494,0.6877834,2.2487,2012-06-14_045015058
-0.5704945,0.6905741,2.258614,2012-06-14_045015140
-0.5647824,0.6977581,2.275109,2012-06-14_045015214
-0.5527278,0.7063759,2.28583,2012-06-14_045015299
-0.5241451,0.7236877,2.298735,2012-06-14_045015372
-0.4858277,0.7435797,2.311867,2012-06-14_045015460
-0.4583029,0.7558696,2.319516,2012-06-14_045015533
-0.4393025,0.7626036,2.324287,2012-06-14_045015612
-0.4158026,0.7675745,2.329587,2012-06-14_045015706
-0.3995021,0.7698836,2.332637,2012-06-14_045015775
-0.3745368,0.7723638,2.335346,2012-06-14_045015857
-0.3461786,0.7772372,2.337931,2012-06-14_045015953
-0.3299907,0.7800524,2.340146,2012-06-14_045016029
-0.3177801,0.7816324,2.341878,2012-06-14_045016110
-0.2951822,0.7833487,2.349159,2012-06-14_045016196
-0.2848006,0.7843227,2.353667,2012-06-14_045016273
-0.2754045,0.7854235,2.36059,2012-06-14_045016364
-0.2711028,0.786948,2.368877,2012-06-14_045016454
-0.2701538,0.7880474,2.375387,2012-06-14_045016532
-0.2705207,0.784412,2.387054,2012-06-14_045016622
-0.2713177,0.7807077,2.393135,2012-06-14_045016698
-0.2724915,0.7778708,2.398165,2012-06-14_045016773
-0.2749265,0.7742277,2.405103,2012-06-14_045016861
-0.2767656,0.7725536,2.409018,2012-06-14_045016938
-0.2783879,0.7715278,2.411797,2012-06-14_045017017
-0.2820434,0.7768471,2.415069,2012-06-14_045017099
-0.2840297,0.7813233,2.41648,2012-06-14_045017182
-0.2859968,0.7879739,2.41751,2012-06-14_045017257
-0.2864609,0.7899886,2.417833,2012-06-14_045017337
-0.2865665,0.7911348,2.417994,2012-06-14_045017409
-0.2859794,0.7921066,2.417876,2012-06-14_045017492
-0.2836025,0.7926098,2.417135,2012-06-14_045017569
-0.2789325,0.7929541,2.415352,2012-06-14_045017655
-0.2762634,0.7928033,2.413965,2012-06-14_045017733
-0.2717045,0.792625,2.412325,2012-06-14_045017824
-0.2697824,0.7924705,2.411695,2012-06-14_045017900
-0.2678647,0.7922128,2.411212,2012-06-14_045017985
-0.2671228,0.7920738,2.41115,2012-06-14_045018057
-0.2667071,0.7919158,2.411276,2012-06-14_045018132
-0.266675,0.7914703,2.411721,2012-06-14_045018218
-0.2674179,0.7901171,2.413409,2012-06-14_045018300
-0.2694969,0.7881573,2.416106,2012-06-14_045018395
-0.2708819,0.7870742,2.417748,2012-06-14_045018468
-0.2720214,0.7862731,2.418996,2012-06-14_045018544
-0.2732219,0.7855407,2.42023,2012-06-14_045018629
-0.2742585,0.7846979,2.420748,2012-06-14_045018722
-0.2752223,0.78391,2.420516,2012-06-14_045018800
-0.2771689,0.7825598,2.419189,2012-06-14_045018889
-0.2781983,0.7818071,2.418189,2012-06-14_045018963
-0.2790303,0.7809408,2.417112,2012-06-14_045019034
-0.2798156,0.7795404,2.415816,2012-06-14_045019123
-0.2800379,0.7789831,2.415396,2012-06-14_045019207
-0.2802185,0.7787082,2.415087,2012-06-14_045019293
-0.280303,0.7786584,2.414963,2012-06-14_045019373
-0.280425,0.7787023,2.414862,2012-06-14_045019453
-0.2805037,0.7787779,2.414839,2012-06-14_045019528
-0.2805872,0.7788823,2.414835,2012-06-14_045019621
-0.2806219,0.7791227,2.41484,2012-06-14_045019686
-0.2804246,0.7794717,2.41482,2012-06-14_045019762
-0.2793473,0.7800786,2.414624,2012-06-14_045019840
-0.2770716,0.7810342,2.414316,2012-06-14_045019909
-0.2732972,0.7823314,2.413551,2012-06-14_045019991
-0.2708859,0.7828526,2.412979,2012-06-14_045020073
-0.2671325,0.7832626,2.412032,2012-06-14_045020159
-0.265083,0.7831919,2.411498,2012-06-14_045020233
-0.2635354,0.7829672,2.411203,2012-06-14_045020308
-0.2623125,0.7826703,2.411046,2012-06-14_045020388
-0.2619733,0.7825292,2.411051,2012-06-14_045020466
-0.2623057,0.7821197,2.411252,2012-06-14_045020560
-0.2636438,0.7815329,2.411526,2012-06-14_045020630
-0.2656274,0.7808964,2.41186,2012-06-14_045020700
-0.2681772,0.7801892,2.412145,2012-06-14_045020782
-0.2721794,0.7791781,2.412522,2012-06-14_045020856
-0.2743841,0.7787995,2.41294,2012-06-14_045020930
-0.2759688,0.7786733,2.413348,2012-06-14_045021017
-0.2770117,0.7785776,2.413716,2012-06-14_045021094
-0.277997,0.7779633,2.414292,2012-06-14_045021168
-0.2783297,0.7769385,2.414556,2012-06-14_045021262
-0.2782743,0.7760123,2.414448,2012-06-14_045021338
-0.2780248,0.7746273,2.413886,2012-06-14_045021430
-0.2764815,0.7736943,2.413866,2012-06-14_045021503
-0.26844,0.7722197,2.415871,2012-06-14_045021586
-0.2626838,0.772431,2.417679,2012-06-14_045021661
-0.2656606,0.7737488,2.414274,2012-06-14_045021738
-0.2736857,0.7754384,2.408128,2012-06-14_045021826
-0.2767408,0.7758966,2.405911,2012-06-14_045021917
-0.2787465,0.7760948,2.404365,2012-06-14_045021987
-0.2808332,0.7762381,2.402321,2012-06-14_045022064
-0.2816465,0.7763407,2.401237,2012-06-14_045022154
-0.2825795,0.7763785,2.398914,2012-06-14_045022227
-0.2843677,0.7760839,2.393613,2012-06-14_045022326
-0.2865997,0.7755914,2.388184,2012-06-14_045022404
-0.29113,0.7746949,2.378965,2012-06-14_045022486
-0.2938673,0.7741823,2.372603,2012-06-14_045022562
-0.2961831,0.7739043,2.366195,2012-06-14_045022638
-0.2986341,0.773727,2.358354,2012-06-14_045022723
-0.2998614,0.7737001,2.354074,2012-06-14_045022805
-0.3014572,0.773787,2.349191,2012-06-14_045022892
-0.3026166,0.7738127,2.346596,2012-06-14_045022967
-0.3037407,0.7738323,2.344488,2012-06-14_045023054
-0.3051498,0.7738442,2.341729,2012-06-14_045023130
-0.305851,0.7738087,2.340137,2012-06-14_045023210
-0.3065435,0.773707,2.338292,2012-06-14_045023297
-0.3068436,0.7735736,2.337288,2012-06-14_045023372
-0.3070545,0.7733912,2.336434,2012-06-14_045023457
-0.3072539,0.7731182,2.335494,2012-06-14_045023528
-0.3073501,0.772981,2.335119,2012-06-14_045023601
-0.3074896,0.7728553,2.334867,2012-06-14_045023694
-0.3077192,0.77281,2.33493,2012-06-14_045023763
-0.3082231,0.7728206,2.335325,2012-06-14_045023838
-0.3094094,0.7729745,2.336468,2012-06-14_045023928
-0.3123371,0.7737284,2.339767,2012-06-14_045024008
-0.3153051,0.7745996,2.343274,2012-06-14_045024094
-0.3169953,0.7751359,2.345534,2012-06-14_045024174
-0.3195095,0.7757304,2.349085,2012-06-14_045024261
-0.3210551,0.7760598,2.351265,2012-06-14_045024336
-0.3238529,0.7764102,2.354274,2012-06-14_045024426
-0.326086,0.7764328,2.355751,2012-06-14_045024505
-0.3286633,0.7762334,2.356777,2012-06-14_045024593
-0.3343326,0.7755677,2.35674,2012-06-14_045024675
-0.3440556,0.7744426,2.352183,2012-06-14_045024756
-0.3513934,0.7736169,2.347552,2012-06-14_045024832
-0.3576175,0.7725609,2.343113,2012-06-14_045024903
-0.3640831,0.76968,2.338564,2012-06-14_045024998
-0.3705223,0.7622024,2.334584,2012-06-14_045025092
-0.3737535,0.7567686,2.332582,2012-06-14_045025166
-0.3759332,0.7518642,2.330903,2012-06-14_045025241
-0.3777882,0.7467484,2.329244,2012-06-14_045025333
-0.3783453,0.7449008,2.328688,2012-06-14_045025408
-0.3785994,0.743847,2.328397,2012-06-14_045025496
-0.3786157,0.743103,2.328222,2012-06-14_045025597
-0.3779272,0.7435784,2.328222,2012-06-14_045025672
-0.3771899,0.7454233,2.328058,2012-06-14_045025759
-0.3772884,0.7522002,2.32616,2012-06-14_045025840
-0.3833251,0.7627266,2.316803,2012-06-14_045025929
-0.3911712,0.7679833,2.306575,2012-06-14_045026012
-0.4100547,0.7712523,2.285718,2012-06-14_045026173
-0.434221,0.7677352,2.259246,2012-06-14_045026255
-0.4428963,0.7619215,2.247847,2012-06-14_045026323
-0.447692,0.7542814,2.238189,2012-06-14_045026407
-0.4494729,0.7449816,2.228776,2012-06-14_045026491
-0.4445213,0.7373895,2.222391,2012-06-14_045026586
-0.4317636,0.7327375,2.219004,2012-06-14_045026662
-0.4204117,0.7327843,2.219705,2012-06-14_045026739
-0.4092045,0.7358205,2.223537,2012-06-14_045026826
-0.3928926,0.7461993,2.235379,2012-06-14_045026902
-0.3829335,0.7563317,2.247615,2012-06-14_045026992
-0.3671076,0.7704648,2.267706,2012-06-14_045027080
-0.3401344,0.7774038,2.277231,2012-06-14_045027166
-0.3158219,0.7785382,2.275156,2012