-0.4099612,-0.05831357,1.791255,2012-06-18_011422254
-0.4087017,-0.05689993,1.787979,2012-06-18_011422401
-0.4084613,-0.05643402,1.787084,2012-06-18_011422475
-0.4082973,-0.05603305,1.786315,2012-06-18_011422549
-0.4082018,-0.05573184,1.78565,2012-06-18_011422618
-0.4081348,-0.0554579,1.784976,2012-06-18_011422691
-0.4080273,-0.0549968,1.783472,2012-06-18_011422798
-0.4079552,-0.0548897,1.7825,2012-06-18_011422871
-0.407818,-0.05496123,1.781158,2012-06-18_011422950
-0.4075924,-0.05533814,1.779116,2012-06-18_011423014
-0.4074949,-0.05608454,1.775471,2012-06-18_011423081
-0.4079945,-0.05673759,1.769556,2012-06-18_011423150
-0.4097706,-0.05630468,1.75899,2012-06-18_011423221
-0.4113484,-0.0554233,1.751839,2012-06-18_011423312
-0.4133593,-0.05510475,1.744466,2012-06-18_011423384
-0.4148788,-0.05495322,1.738405,2012-06-18_011423452
-0.4161049,-0.05520836,1.731495,2012-06-18_011423532
-0.4164168,-0.05594472,1.727732,2012-06-18_011423607
-0.4163422,-0.05655971,1.72514,2012-06-18_011423681
-0.4160919,-0.05702303,1.723412,2012-06-18_011423755
-0.4154955,-0.05768285,1.721599,2012-06-18_011423844
-0.4150891,-0.05803889,1.720792,2012-06-18_011423913
-0.4147342,-0.05831994,1.720215,2012-06-18_011423987
-0.4143347,-0.05854915,1.71964,2012-06-18_011424078
-0.4141169,-0.05866376,1.719352,2012-06-18_011424157
-0.4138517,-0.0587833,1.719018,2012-06-18_011424244
-0.4136949,-0.05881474,1.718848,2012-06-18_011424310
-0.413539,-0.05881474,1.718698,2012-06-18_011424382
-0.4133646,-0.05879682,1.718551,2012-06-18_011424456
-0.413039,-0.05877056,1.718331,2012-06-18_011424538
-0.4128067,-0.05874084,1.718184,2012-06-18_011424607
-0.4125535,-0.05869577,1.718042,2012-06-18_011424691
-0.4120789,-0.05887704,1.717788,2012-06-18_011424755
-0.4106617,-0.059939,1.71712,2012-06-18_011424836
-0.4095844,-0.06075011,1.716633,2012-06-18_011424910
-0.4086574,-0.06136568,1.716233,2012-06-18_011424989
-0.4075646,-0.06201643,1.71572,2012-06-18_011425084
-0.4067109,-0.06235459,1.71527,2012-06-18_011425169
-0.4062127,-0.06221594,1.714991,2012-06-18_011425232
-0.4057091,-0.06165931,1.714715,2012-06-18_011425307
-0.4053074,-0.06108456,1.714506,2012-06-18_011425381
-0.4050282,-0.06072202,1.714378,2012-06-18_011425455
-0.4047577,-0.06041117,1.714314,2012-06-18_011425549
-0.4046364,-0.06038484,1.714363,2012-06-18_011425622
-0.4045166,-0.06050977,1.714564,2012-06-18_011425706
-0.4045104,-0.06057611,1.714739,2012-06-18_011425775
-0.4045608,-0.0605686,1.715001,2012-06-18_011425843
-0.4046778,-0.06050142,1.715328,2012-06-18_011425911
-0.4048815,-0.0603855,1.715701,2012-06-18_011425992
-0.405287,-0.06018825,1.716312,2012-06-18_011426090
-0.4057122,-0.06005918,1.716973,2012-06-18_011426167
-0.4059465,-0.06003574,1.71736,2012-06-18_011426267
-0.4062279,-0.06005291,1.717847,2012-06-18_011426348
-0.4063711,-0.06007792,1.718111,2012-06-18_011426421
-0.4064879,-0.06011514,1.718332,2012-06-18_011426489
-0.4066301,-0.06018823,1.718604,2012-06-18_011426575
-0.4067108,-0.0602364,1.71876,2012-06-18_011426646
-0.4067807,-0.06027505,1.718899,2012-06-18_011426721
-0.4068476,-0.06036743,1.719139,2012-06-18_011426807
-0.4068551,-0.06051252,1.719346,2012-06-18_011426887
-0.4068169,-0.06073332,1.719597,2012-06-18_011426952
-0.4067219,-0.0609624,1.719886,2012-06-18_011427022
-0.4065203,-0.06118193,1.720388,2012-06-18_011427108
-0.4063699,-0.06126942,1.720745,2012-06-18_011427189
-0.4061406,-0.06128696,1.72133,2012-06-18_011427275
-0.405975,-0.06127049,1.721736,2012-06-18_011427355
-0.4058255,-0.06125364,1.722098,2012-06-18_011427423
-0.405643,-0.06119496,1.722532,2012-06-18_011427508
-0.4055769,-0.06116455,1.722717,2012-06-18_011427581
-0.4055465,-0.06116154,1.722829,2012-06-18_011427654
-0.4055322,-0.06118269,1.722918,2012-06-18_011427736
-0.4055361,-0.06119955,1.722943,2012-06-18_011427819
-0.4055559,-0.06122998,1.722937,2012-06-18_011427893
-0.4056529,-0.06132995,1.722818,2012-06-18_011427974
-0.4057736,-0.06144898,1.722658,2012-06-18_011428043
-0.4059075,-0.06154989,1.722475,2012-06-18_011428117
-0.4061152,-0.0616396