-0.1134795,-0.8881744,1.793918,2012-06-18_011422254
-0.1132128,-0.8887137,1.794248,2012-06-18_011422401
-0.1131251,-0.8889232,1.794378,2012-06-18_011422475
-0.1130506,-0.889138,1.794516,2012-06-18_011422549
-0.1129779,-0.889376,1.794645,2012-06-18_011422618
-0.1129005,-0.8896218,1.794758,2012-06-18_011422691
-0.1127725,-0.890098,1.794937,2012-06-18_011422798
-0.1126811,-0.8903707,1.795023,2012-06-18_011422871
-0.1125572,-0.8906906,1.795111,2012-06-18_011422951
-0.109075,-0.8916525,1.794918,2012-06-18_011423014
-0.1028566,-0.8930386,1.794481,2012-06-18_011423081
-0.09915065,-0.8939772,1.7942,2012-06-18_011423150
-0.09720381,-0.8944783,1.794347,2012-06-18_011423221
-0.09686905,-0.8945833,1.794589,2012-06-18_011423312
-0.09691282,-0.894556,1.794873,2012-06-18_011423384
-0.09697466,-0.8944658,1.795149,2012-06-18_011423452
-0.09716029,-0.894293,1.795518,2012-06-18_011423532
-0.09748985,-0.8941237,1.795804,2012-06-18_011423607
-0.09830388,-0.893854,1.796109,2012-06-18_011423682
-0.09916119,-0.8935432,1.796379,2012-06-18_011423755
-0.1003131,-0.8929604,1.79678,2012-06-18_011423844
-0.1010539,-0.8923457,1.797065,2012-06-18_011423913
-0.1018459,-0.8914997,1.797312,2012-06-18_011423987
-0.1030914,-0.8899502,1.797616,2012-06-18_011424078
-0.1037272,-0.8889257,1.79774,2012-06-18_011424157
-0.1044695,-0.8873476,1.797762,2012-06-18_011424244
-0.1048437,-0.8862244,1.797628,2012-06-18_011424310
-0.1051068,-0.8849046,1.797378,2012-06-18_011424382
-0.1052347,-0.8833445,1.797023,2012-06-18_011424456
-0.1053008,-0.8806546,1.79638,2012-06-18_011424538
-0.1054324,-0.8787902,1.795982,2012-06-18_011424607
-0.1055851,-0.8769282,1.795577,2012-06-18_011424691
-0.1056316,-0.8752665,1.795171,2012-06-18_011424755
-0.1054707,-0.8728907,1.794512,2012-06-18_011424836
-0.1052702,-0.8713767,1.794074,2012-06-18_011424910
-0.1049735,-0.8697636,1.793613,2012-06-18_011424989
-0.1042145,-0.8674667,1.793052,2012-06-18_011425084
-0.1029214,-0.8652515,1.792742,2012-06-18_011425169
-0.1020458,-0.8639815,1.792645,2012-06-18_011425232
-0.1011352,-0.8629152,1.792632,2012-06-18_011425307
-0.1003807,-0.8620844,1.792638,2012-06-18_011425381
-0.0997901,-0.861454,1.792645,2012-06-18_011425455
-0.09924912,-0.8608885,1.792558,2012-06-18_011425549
-0.0991178,-0.8607285,1.792517,2012-06-18_011425622
-0.09905057,-0.8606735,1.792501,2012-06-18_011425706
-0.09915657,-0.8609042,1.792555,2012-06-18_011425775
-0.09948403,-0.8615661,1.792706,2012-06-18_011425843
-0.1001499,-0.8626882,1.79297,2012-06-18_011425912
-0.1012369,-0.8643617,1.793324,2012-06-18_011425992
-0.1030315,-0.8675257,1.793975,2012-06-18_011426090
-0.1046681,-0.8705153,1.794597,2012-06-18_011426167
-0.1054126,-0.8722787,1.795097,2012-06-18_011426267
-0.1060477,-0.8745921,1.795833,2012-06-18_011426348
-0.1059798,-0.8759879,1.796353,2012-06-18_011426421
-0.1056695,-0.8773716,1.79689,2012-06-18_011426489
-0.1050712,-0.8794344,1.79763,2012-06-18_011426575
-0.1044803,-0.8808989,1.798058,2012-06-18_011426646
-0.1034127,-0.8824044,1.798423,2012-06-18_011426721
-0.1003814,-0.8848026,1.798928,2012-06-18_011426807
-0.09828415,-0.8863018,1.799078,2012-06-18_011426887
-0.09644161,-0.8876414,1.799269,2012-06-18_011426952
-0.09504061,-0.8888565,1.79943,2012-06-18_011427022
-0.09336257,-0.8906219,1.799379,2012-06-18_011427108
-0.09239957,-0.8915762,1.799514,2012-06-18_011427189
-0.09130286,-0.8927093,1.799718,2012-06-18_011427275
-0.08996096,-0.8937013,1.799472,2012-06-18_011427355
-0.08911514,-0.8944509,1.799347,2012-06-18_011427423
-0.08847463,-0.8953306,1.799332,2012-06-18_011427508
-0.08847326,-0.8957891,1.799414,2012-06-18_011427581
-0.08877114,-0.8962241,1.799518,2012-06-18_011427655
-0.08929881,-0.8967422,1.799636,2012-06-18_011427736
-0.08988084,-0.8970361,1.799646,2012-06-18_011427820
-0.09054255,-0.8972432,1.79963,2012-06-18_011427893
-0.09155793,-0.8974016,1.799584,2012-06-18_011427974
-0.09236057,-0.8974136,1.799533,2012-06-18_011428043
-0.09323079,-0.8973327,1.799488,2012-06-18_011428117
-0.09495186,-0.8969325,1.799513,2012-06-18_011428201
-0