-0.4151862,-0.3233352,1.736256,2012-06-18_011422254
-0.4154524,-0.3290619,1.733518,2012-06-18_011422401
-0.4154113,-0.3284147,1.733187,2012-06-18_011422475
-0.4140381,-0.3036858,1.73554,2012-06-18_011422549
-0.4138673,-0.3014475,1.735448,2012-06-18_011422618
-0.4136827,-0.2988934,1.735579,2012-06-18_011422691
-0.4138238,-0.2971234,1.73491,2012-06-18_011422798
-0.414562,-0.2993761,1.733685,2012-06-18_011422871
-0.4159179,-0.3083313,1.730357,2012-06-18_011422950
-0.4175436,-0.3224728,1.723447,2012-06-18_011423014
-0.4219267,-0.3407824,1.711002,2012-06-18_011423081
-0.4254904,-0.3509033,1.697023,2012-06-18_011423150
-0.4281983,-0.3517604,1.676426,2012-06-18_011423221
-0.4286848,-0.34818,1.66365,2012-06-18_011423312
-0.428221,-0.3454331,1.655176,2012-06-18_011423384
-0.4273512,-0.3438179,1.649494,2012-06-18_011423451
-0.4253153,-0.3427623,1.643687,2012-06-18_011423532
-0.4226761,-0.3432571,1.6398,2012-06-18_011423607
-0.4188889,-0.3444898,1.636274,2012-06-18_011423681
-0.4151134,-0.3455307,1.633769,2012-06-18_011423755
-0.409819,-0.346487,1.631339,2012-06-18_011423844
-0.4074197,-0.3463753,1.63069,2012-06-18_011423913
-0.4056657,-0.3460128,1.630428,2012-06-18_011423987
-0.4042121,-0.3464016,1.630252,2012-06-18_011424078
-0.4036711,-0.3467257,1.630226,2012-06-18_011424157
-0.40323,-0.3471592,1.63024,2012-06-18_011424244
-0.4030651,-0.347363,1.630282,2012-06-18_011424310
-0.4029617,-0.347508,1.630315,2012-06-18_011424382
-0.4028817,-0.347455,1.630368,2012-06-18_011424456
-0.4026102,-0.3471528,1.630449,2012-06-18_011424538
-0.4021144,-0.346839,1.630527,2012-06-18_011424607
-0.4013602,-0.3464933,1.630731,2012-06-18_011424691
-0.400518,-0.3462315,1.630992,2012-06-18_011424755
-0.3983594,-0.3464792,1.632205,2012-06-18_011424836
-0.3968903,-0.3466761,1.632982,2012-06-18_011424910
-0.3955084,-0.346868,1.633657,2012-06-18_011424989
-0.3938317,-0.3470291,1.634145,2012-06-18_011425084
-0.3923275,-0.347097,1.634096,2012-06-18_011425169
-0.3916357,-0.3470437,1.633928,2012-06-18_011425232
-0.3911467,-0.3469023,1.633677,2012-06-18_011425307
-0.3908067,-0.3466989,1.633395,2012-06-18_011425381
-0.390587,-0.3465063,1.63318,2012-06-18_011425455
-0.39041,-0.3462833,1.633039,2012-06-18_011425549
-0.3903616,-0.3461299,1.63308,2012-06-18_011425622
-0.390457,-0.3457843,1.633387,2012-06-18_011425706
-0.390725,-0.3455504,1.633709,2012-06-18_011425775
-0.3912318,-0.3459057,1.633959,2012-06-18_011425843
-0.3919353,-0.3468449,1.634069,2012-06-18_011425911
-0.3925966,-0.3476323,1.634133,2012-06-18_011425992
-0.393605,-0.3486522,1.634367,2012-06-18_011426090
-0.3945704,-0.3495707,1.634907,2012-06-18_011426167
-0.3951196,-0.3501421,1.635345,2012-06-18_011426267
-0.3957709,-0.3508771,1.635997,2012-06-18_011426348
-0.3960937,-0.3512525,1.636343,2012-06-18_011426421
-0.3963515,-0.351566,1.636594,2012-06-18_011426489
-0.3968567,-0.3519897,1.63674,2012-06-18_011426575
-0.3974069,-0.352275,1.636725,2012-06-18_011426646
-0.3980932,-0.3525412,1.636673,2012-06-18_011426721
-0.3992772,-0.3529905,1.63659,2012-06-18_011426807
-0.4000643,-0.353397,1.636548,2012-06-18_011426887
-0.4007707,-0.3538611,1.63653,2012-06-18_011426952
-0.4013786,-0.3542835,1.636547,2012-06-18_011427022
-0.4020969,-0.35467,1.636662,2012-06-18_011427108
-0.402505,-0.354839,1.636786,2012-06-18_011427189
-0.4031008,-0.3549649,1.637058,2012-06-18_011427274
-0.40354,-0.3550211,1.637298,2012-06-18_011427355
-0.4039479,-0.3550779,1.637541,2012-06-18_011427423
-0.4044327,-0.3551224,1.637861,2012-06-18_011427508
-0.4046692,-0.3551585,1.638026,2012-06-18_011427581
-0.4048325,-0.3552331,1.638144,2012-06-18_011427654
-0.4049649,-0.3554108,1.638277,2012-06-18_011427736
-0.4049432,-0.3555465,1.638317,2012-06-18_011427819
-0.4047683,-0.3557444,1.638282,2012-06-18_011427893
-0.4042743,-0.3561472,1.63802,2012-06-18_011427974
-0.403812,-0.3564793,1.637556,2012-06-18_011428043
-0.4033882,-0.3567398,1.636972,2012-06-18_011428117
-0.402819,-0.3569734,1.636122,2012-06-18_011428201
-0.4024393,-0.35703,1.635583,2012-06-18_011428267
-0.402048