-0.2792198,-0.1616856,1.770449,2012-06-18_011422254
-0.2764428,-0.1608031,1.768826,2012-06-18_011422401
-0.2757329,-0.1606344,1.76835,2012-06-18_011422475
-0.2751873,-0.1604955,1.767961,2012-06-18_011422549
-0.2747689,-0.1603878,1.767641,2012-06-18_011422618
-0.2744129,-0.1602581,1.767332,2012-06-18_011422691
-0.2738617,-0.1599699,1.766766,2012-06-18_011422798
-0.2736556,-0.159848,1.766486,2012-06-18_011422871
-0.2734108,-0.1597676,1.766162,2012-06-18_011422951
-0.2731183,-0.1597733,1.765732,2012-06-18_011423014
-0.2728827,-0.1598228,1.765281,2012-06-18_011423081
-0.2728023,-0.1598633,1.76474,2012-06-18_011423150
-0.2732371,-0.1598016,1.76338,2012-06-18_011423221
-0.2739715,-0.1597937,1.762137,2012-06-18_011423312
-0.2746907,-0.1598098,1.760992,2012-06-18_011423384
-0.2752828,-0.1598508,1.760069,2012-06-18_011423452
-0.2759514,-0.1599801,1.759049,2012-06-18_011423532
-0.276282,-0.1601235,1.758529,2012-06-18_011423607
-0.2765465,-0.1602878,1.758104,2012-06-18_011423682
-0.27676,-0.1604617,1.757748,2012-06-18_011423755
-0.2770205,-0.160729,1.75726,2012-06-18_011423844
-0.2771601,-0.1608651,1.756941,2012-06-18_011423913
-0.2773012,-0.1609506,1.756613,2012-06-18_011423987
-0.277525,-0.1609833,1.756119,2012-06-18_011424078
-0.277666,-0.1609593,1.755798,2012-06-18_011424157
-0.277809,-0.1608416,1.755335,2012-06-18_011424244
-0.2778708,-0.160652,1.755009,2012-06-18_011424310
-0.2778588,-0.1602586,1.754628,2012-06-18_011424382
-0.2777006,-0.1594758,1.754149,2012-06-18_011424456
-0.2772448,-0.1578125,1.753391,2012-06-18_011424538
-0.2766748,-0.1562065,1.75286,2012-06-18_011424607
-0.2758496,-0.1542619,1.752332,2012-06-18_011424691
-0.2748718,-0.1521224,1.751836,2012-06-18_011424755
-0.2732296,-0.1488258,1.751171,2012-06-18_011424836
-0.2723318,-0.1469571,1.75078,2012-06-18_011424910
-0.2715606,-0.1450934,1.750386,2012-06-18_011424989
-0.2705237,-0.1425181,1.74975,2012-06-18_011425084
-0.2697311,-0.1401721,1.74903,2012-06-18_011425169
-0.2693949,-0.1388697,1.748574,2012-06-18_011425232
-0.2691765,-0.1378522,1.748199,2012-06-18_011425307
-0.2690502,-0.1370745,1.74789,2012-06-18_011425381
-0.2689876,-0.1365246,1.747672,2012-06-18_011425455
-0.2689733,-0.1360168,1.747488,2012-06-18_011425549
-0.2689854,-0.1358749,1.747447,2012-06-18_011425622
-0.2691487,-0.1359833,1.747611,2012-06-18_011425706
-0.2696193,-0.1367396,1.748157,2012-06-18_011425775
-0.2704781,-0.1385374,1.749249,2012-06-18_011425843
-0.2715082,-0.140669,1.750423,2012-06-18_011425911
-0.2726235,-0.1430463,1.751525,2012-06-18_011425992
-0.2742608,-0.1468258,1.752968,2012-06-18_011426090
-0.2753928,-0.1496344,1.753863,2012-06-18_011426167
-0.2759016,-0.1511506,1.754212,2012-06-18_011426267
-0.2764526,-0.153054,1.754488,2012-06-18_011426348
-0.2766639,-0.1540659,1.75455,2012-06-18_011426421
-0.2767538,-0.1550016,1.75452,2012-06-18_011426489
-0.2767155,-0.1562481,1.754358,2012-06-18_011426575
-0.2766349,-0.1569576,1.754212,2012-06-18_011426646
-0.2765484,-0.157536,1.754054,2012-06-18_011426721
-0.276415,-0.1581813,1.753807,2012-06-18_011426807
-0.2763258,-0.1585067,1.753617,2012-06-18_011426887
-0.2762422,-0.1587721,1.753423,2012-06-18_011426952
-0.276122,-0.1590237,1.753208,2012-06-18_011427022
-0.2758861,-0.1594013,1.752849,2012-06-18_011427108
-0.2756948,-0.1596408,1.752595,2012-06-18_011427189
-0.2753954,-0.1599701,1.752237,2012-06-18_011427275
-0.275187,-0.1601965,1.752019,2012-06-18_011427355
-0.2749885,-0.1604058,1.751828,2012-06-18_011427423
-0.2747506,-0.16073,1.751579,2012-06-18_011427508
-0.2746522,-0.1609003,1.751449,2012-06-18_011427581
-0.2745895,-0.1610447,1.751342,2012-06-18_011427655
-0.2745383,-0.1612359,1.751221,2012-06-18_011427736
-0.274528,-0.1613359,1.751166,2012-06-18_011427820
-0.2745313,-0.1614252,1.75113,2012-06-18_011427893
-0.2745694,-0.1615632,1.75112,2012-06-18_011427974
-0.2746204,-0.1616749,1.751155,2012-06-18_011428043
-0.2747054,-0.1618123,1.751235,2012-06-18_011428117
-0.2749202,-0.1620623,1.75145,2012-06-18_011428201
-0.2750951,-0.1621949,1.751633,2012-06-18_01142