-0.1058758,-0.5904914,1.84023,2012-06-18_011422254
-0.1054581,-0.5910706,1.840445,2012-06-18_011422401
-0.1053122,-0.5913317,1.840527,2012-06-18_011422475
-0.1051623,-0.591611,1.840601,2012-06-18_011422549
-0.1050068,-0.5919268,1.840679,2012-06-18_011422618
-0.1048636,-0.5922439,1.840752,2012-06-18_011422691
-0.1045985,-0.5928462,1.840874,2012-06-18_011422798
-0.1044656,-0.5931742,1.840939,2012-06-18_011422871
-0.104324,-0.5935475,1.841016,2012-06-18_011422951
-0.1153522,-0.5627807,1.837125,2012-06-18_011423014
-0.1223051,-0.5431605,1.834635,2012-06-18_011423081
-0.1243891,-0.5357831,1.833629,2012-06-18_011423150
-0.1211747,-0.5205739,1.829109,2012-06-18_011423221
-0.1174685,-0.5091673,1.825801,2012-06-18_011423312
-0.1151502,-0.5019846,1.823853,2012-06-18_011423384
-0.1141057,-0.4985403,1.822918,2012-06-18_011423452
-0.1133252,-0.4957837,1.822292,2012-06-18_011423532
-0.1130304,-0.4946578,1.822161,2012-06-18_011423607
-0.1125977,-0.4932536,1.822189,2012-06-18_011423682
-0.1122043,-0.492007,1.822251,2012-06-18_011423755
-0.1114615,-0.4893053,1.822118,2012-06-18_011423844
-0.1107836,-0.4869235,1.821759,2012-06-18_011423913
-0.1101113,-0.4847105,1.821312,2012-06-18_011423987
-0.1090754,-0.4811652,1.820432,2012-06-18_011424078
-0.1086165,-0.4794848,1.819962,2012-06-18_011424157
-0.108207,-0.4779669,1.819501,2012-06-18_011424244
-0.1080577,-0.4774289,1.819316,2012-06-18_011424310
-0.1079581,-0.4770886,1.819181,2012-06-18_011424382
-0.1078828,-0.4768536,1.819067,2012-06-18_011424456
-0.1076994,-0.4764864,1.818848,2012-06-18_011424538
-0.1073805,-0.4758469,1.818477,2012-06-18_011424607
-0.1069031,-0.4748517,1.817935,2012-06-18_011424691
-0.1065097,-0.4740289,1.817477,2012-06-18_011424755
-0.106037,-0.4730579,1.816964,2012-06-18_011424836
-0.1057418,-0.4723476,1.816657,2012-06-18_011424910
-0.1054895,-0.4716197,1.816367,2012-06-18_011424989
-0.1057218,-0.4685205,1.815382,2012-06-18_011425084
-0.1072308,-0.4615061,1.813252,2012-06-18_011425169
-0.1080821,-0.4583323,1.812242,2012-06-18_011425232
-0.1089313,-0.4560713,1.811463,2012-06-18_011425307
-0.1095117,-0.4547523,1.810982,2012-06-18_011425381
-0.1099023,-0.4540435,1.810697,2012-06-18_011425455
-0.1103451,-0.4557923,1.811108,2012-06-18_011425549
-0.1102878,-0.4596858,1.81226,2012-06-18_011425622
-0.1101525,-0.4652041,1.813938,2012-06-18_011425706
-0.1100753,-0.4675899,1.81471,2012-06-18_011425775
-0.1099933,-0.4693296,1.815344,2012-06-18_011425843
-0.1099593,-0.4706608,1.81586,2012-06-18_011425911
-0.1099414,-0.4716836,1.816301,2012-06-18_011425992
-0.1099698,-0.4730756,1.816962,2012-06-18_011426090
-0.1099983,-0.4740183,1.817465,2012-06-18_011426167
-0.1100082,-0.4744294,1.817704,2012-06-18_011426267
-0.10998,-0.4748692,1.817972,2012-06-18_011426348
-0.1099366,-0.4751158,1.818113,2012-06-18_011426421
-0.1098817,-0.4753206,1.818223,2012-06-18_011426489
-0.1097841,-0.4759662,1.818455,2012-06-18_011426575
-0.1097768,-0.4773709,1.818853,2012-06-18_011426646
-0.1098808,-0.479411,1.819419,2012-06-18_011426721
-0.1109045,-0.486039,1.821039,2012-06-18_011426807
-0.1116499,-0.4916704,1.822488,2012-06-18_011426887
-0.1123791,-0.4987408,1.82409,2012-06-18_011426952
-0.1128371,-0.5052242,1.825499,2012-06-18_011427022
-0.1124897,-0.5464008,1.835079,2012-06-18_011427108
-0.1141471,-0.5364867,1.83237,2012-06-18_011427189
-0.1152896,-0.524061,1.829211,2012-06-18_011427275
-0.1160996,-0.5243567,1.829564,2012-06-18_011427355
-0.116537,-0.5258638,1.830125,2012-06-18_011427423
-0.1167496,-0.5268708,1.830461,2012-06-18_011427508
-0.1163841,-0.5255494,1.830114,2012-06-18_011427581
-0.1153737,-0.5214069,1.829143,2012-06-18_011427655
-0.1141444,-0.5149691,1.827832,2012-06-18_011427736
-0.1131099,-0.5087531,1.826836,2012-06-18_011427820
-0.1123562,-0.5039257,1.826096,2012-06-18_011427893
-0.1117333,-0.4991502,1.825378,2012-06-18_011427974
-0.1115076,-0.4964335,1.824952,2012-06-18_011428043
-0.11134,-0.4935288,1.824445,2012-06-18_011428117
-0.111054,-0.4899512,1.823807,2012-06-18_011428201
-0.1108414,-0.4878266,1.823387,2012