-0.008287447,-0.2432012,1.786859,2012-06-18_011422254
-0.006964528,-0.2436859,1.7865,2012-06-18_011422401
-0.006608387,-0.2437889,1.786428,2012-06-18_011422475
-0.006322518,-0.2439078,1.78638,2012-06-18_011422549
-0.00615248,-0.2440106,1.786324,2012-06-18_011422618
-0.00612233,-0.2441737,1.786206,2012-06-18_011422691
-0.005970908,-0.2445718,1.7861,2012-06-18_011422798
-0.005840499,-0.2449329,1.786111,2012-06-18_011422871
-0.005801967,-0.2455913,1.786064,2012-06-18_011422950
-0.005778687,-0.2470504,1.785715,2012-06-18_011423014
-0.0009189248,-0.2527836,1.784242,2012-06-18_011423081
0.01782637,-0.2592945,1.783906,2012-06-18_011423150
0.09859779,-0.263091,1.79174,2012-06-18_011423221
0.1397299,-0.2430243,1.801648,2012-06-18_011423312
0.1820848,-0.2163069,1.811978,2012-06-18_011423384
0.2238713,-0.1779474,1.815824,2012-06-18_011423452
0.2722569,-0.1058255,1.81877,2012-06-18_011423532
0.2796985,-0.04724095,1.817322,2012-06-18_011423607
0.2834787,-0.02000113,1.816483,2012-06-18_011423681
0.3019845,0.0001204964,1.813256,2012-06-18_011423755
0.3462241,0.04095275,1.805204,2012-06-18_011423844
0.3782915,0.08733299,1.799849,2012-06-18_011423913
0.3950266,0.1458758,1.797575,2012-06-18_011423987
0.3894033,0.2253821,1.79571,2012-06-18_011424078
0.3802094,0.2649579,1.794181,2012-06-18_011424157
0.3816858,0.3400113,1.791288,2012-06-18_011424244
0.3807297,0.4064121,1.785287,2012-06-18_011424310
0.3442619,0.4547958,1.779761,2012-06-18_011424382
0.3283372,0.4897304,1.774567,2012-06-18_011424456
0.3192695,0.5310974,1.773742,2012-06-18_011424538
0.3083133,0.5627897,1.775296,2012-06-18_011424607
0.2925586,0.6066297,1.775646,2012-06-18_011424691
0.2447853,0.6274768,1.772128,2012-06-18_011424755
0.1897859,0.6337346,1.766844,2012-06-18_011424836
0.1704566,0.6388352,1.764359,2012-06-18_011424910
0.1509364,0.6493657,1.760346,2012-06-18_011424989
0.1359395,0.660367,1.75593,2012-06-18_011425084
0.1171139,0.6597354,1.750607,2012-06-18_011425169
0.1068878,0.6636575,1.746679,2012-06-18_011425232
0.100396,0.6675572,1.744173,2012-06-18_011425307
0.09732658,0.6700546,1.74294,2012-06-18_011425381
0.1059871,0.6699372,1.744521,2012-06-18_011425455
0.1596565,0.6430244,1.753736,2012-06-18_011425549
0.1956455,0.6264719,1.75654,2012-06-18_011425622
0.2455993,0.582635,1.75746,2012-06-18_011425706
0.3031296,0.559128,1.762589,2012-06-18_011425775
0.333905,0.5353736,1.76547,2012-06-18_011425843
0.3565321,0.4911532,1.767987,2012-06-18_011425911
0.3684628,0.4211977,1.771507,2012-06-18_011425992
0.3743118,0.3305138,1.774616,2012-06-18_011426090
0.3762543,0.2424401,1.770018,2012-06-18_011426167
0.3935071,0.1723766,1.763606,2012-06-18_011426267
0.3935907,0.06090613,1.758183,2012-06-18_011426348
0.3511934,0.002972739,1.758009,2012-06-18_011426421
0.3222913,-0.04314814,1.76171,2012-06-18_011426489
0.2651419,-0.1097066,1.766974,2012-06-18_011426575
0.2301639,-0.1609201,1.766317,2012-06-18_011426646
0.1972727,-0.2097185,1.763209,2012-06-18_011426721
0.1393397,-0.248895,1.75948,2012-06-18_011426807
0.1039944,-0.259028,1.756576,2012-06-18_011426887
0.06407152,-0.2615738,1.753806,2012-06-18_011426952
0.04079049,-0.2582623,1.752838,2012-06-18_011427022
0.02699057,-0.2575568,1.75237,2012-06-18_011427108
0.02279158,-0.2576001,1.752381,2012-06-18_011427189
0.01989029,-0.2581246,1.752843,2012-06-18_011427274
0.0190514,-0.2588347,1.753352,2012-06-18_011427355
0.01889244,-0.2596391,1.753852,2012-06-18_011427423
0.02770663,-0.2595331,1.755246,2012-06-18_011427508
0.0557399,-0.2526605,1.757161,2012-06-18_011427581
0.08580431,-0.2436682,1.759047,2012-06-18_011427654
0.1297869,-0.2266579,1.759838,2012-06-18_011427736
0.1743966,-0.2115864,1.757939,2012-06-18_011427819
0.2134496,-0.1872778,1.755827,2012-06-18_011427893
0.2700508,-0.1149645,1.756856,2012-06-18_011427974
0.3023137,-0.06234299,1.759474,2012-06-18_011428043
0.3349594,-0.0148068,1.759124,2012-06-18_011428117
0.381747,0.07397989,1.750089,2012-06-18_011428201
0.402879,0.1317634,1.748199,2012-06-18_011428267
0.4081465,0.1999489,1.747865,2012-06-18_0114283