-0.3885437,-0.03094358,1.732398,2012-06-18_010552306
-0.388772,-0.03038307,1.73697,2012-06-18_010552448
-0.3888994,-0.03020465,1.738843,2012-06-18_010552526
-0.3890609,-0.02988719,1.740111,2012-06-18_010552619
-0.3893043,-0.02952549,1.741701,2012-06-18_010552686
-0.3894538,-0.02936366,1.742526,2012-06-18_010552757
-0.3895958,-0.02923634,1.743229,2012-06-18_010552828
-0.3897251,-0.02913706,1.74389,2012-06-18_010552915
-0.3899035,-0.029066,1.744836,2012-06-18_010552988
-0.3900452,-0.02897602,1.745504,2012-06-18_010553053
-0.3901199,-0.02890006,1.745842,2012-06-18_010553122
-0.3903349,-0.02867841,1.746809,2012-06-18_010553187
-0.3904874,-0.02854303,1.747419,2012-06-18_010553280
-0.3906272,-0.0284452,1.747944,2012-06-18_010553345
-0.3907993,-0.02835162,1.748524,2012-06-18_010553426
-0.3908797,-0.02830918,1.74874,2012-06-18_010553508
-0.3909645,-0.0282972,1.748825,2012-06-18_010553585
-0.3915097,-0.02822506,1.748164,2012-06-18_010553659
-0.3922963,-0.02790323,1.746819,2012-06-18_010553740
-0.3932904,-0.02744423,1.744571,2012-06-18_010553813
-0.3943097,-0.0270745,1.741526,2012-06-18_010553884
-0.3950701,-0.02677013,1.738278,2012-06-18_010553951
-0.395498,-0.02669103,1.735273,2012-06-18_010554023
-0.3955885,-0.02670063,1.731055,2012-06-18_010554093
-0.3954147,-0.02661153,1.728356,2012-06-18_010554180
-0.3951401,-0.02634276,1.725936,2012-06-18_010554247
-0.3948033,-0.025917,1.723842,2012-06-18_010554318
-0.3945235,-0.02560567,1.722189,2012-06-18_010554387
-0.3942014,-0.02533248,1.720377,2012-06-18_010554457
-0.3940454,-0.02519658,1.71952,2012-06-18_010554526
-0.3939228,-0.02508852,1.718844,2012-06-18_010554610
-0.3938128,-0.02501847,1.718255,2012-06-18_010554691
-0.3936324,-0.02492532,1.717405,2012-06-18_010554756
-0.3934659,-0.02494523,1.716735,2012-06-18_010554829
-0.3932697,-0.0251043,1.715928,2012-06-18_010554911
-0.3930698,-0.02530267,1.71503,2012-06-18_010554984
-0.3927647,-0.02559552,1.713689,2012-06-18_010555061
-0.3925595,-0.02579419,1.712779,2012-06-18_010555150
-0.3923353,-0.0260021,1.711885,2012-06-18_010555219
-0.3920874,-0.02617997,1.711042,2012-06-18_010555288
-0.3916148,-0.02625369,1.709827,2012-06-18_010555362
-0.3912302,-0.02615892,1.709066,2012-06-18_010555447
-0.3908014,-0.02590742,1.708319,2012-06-18_010555526
-0.3900993,-0.02498403,1.707243,2012-06-18_010555607
-0.3896429,-0.02408319,1.706578,2012-06-18_010555682
-0.3891977,-0.02319048,1.705984,2012-06-18_010555750
-0.38874,-0.02227099,1.705444,2012-06-18_010555820
-0.3880056,-0.02068787,1.704745,2012-06-18_010555910
-0.3875385,-0.0192343,1.704334,2012-06-18_010555988
-0.3868982,-0.01614106,1.70368,2012-06-18_010556073
-0.3865432,-0.01401602,1.70333,2012-06-18_010556145
-0.3863052,-0.01260427,1.703099,2012-06-18_010556219
-0.3860647,-0.01158909,1.702884,2012-06-18_010556290
-0.3859593,-0.01131373,1.702798,2012-06-18_010556376
-0.3858731,-0.01119139,1.702729,2012-06-18_010556456
-0.3858037,-0.01106752,1.70268,2012-06-18_010556526
-0.385778,-0.01092425,1.702672,2012-06-18_010556609
-0.3857593,-0.01070791,1.702677,2012-06-18_010556684
-0.3857422,-0.01047731,1.702687,2012-06-18_010556753
-0.3857166,-0.01031673,1.702702,2012-06-18_010556836
-0.3856581,-0.01026322,1.70272,2012-06-18_010556921
-0.3856001,-0.01030123,1.702736,2012-06-18_010556994
-0.3853165,-0.01111076,1.702744,2012-06-18_010557084
-0.3850617,-0.01201684,1.702725,2012-06-18_010557152
-0.3847646,-0.0133235,1.702682,2012-06-18_010557225
-0.3843825,-0.01530127,1.702714,2012-06-18_010557323
-0.3841431,-0.01686607,1.702835,2012-06-18_010557409
-0.3840589,-0.01787685,1.703001,2012-06-18_010557483
-0.3840468,-0.01868757,1.703216,2012-06-18_010557556
-0.3840906,-0.0192881,1.703448,2012-06-18_010557626
-0.3842162,-0.0201327,1.703809,2012-06-18_010557715
-0.3843129,-0.02060965,1.704028,2012-06-18_010557789
-0.3844059,-0.02102002,1.704237,2012-06-18_010557858
-0.3845756,-0.02164737,1.704592,2012-06-18_010557942
-0.3847057,-0.02196825,1.704849,2012-06-18_010558014
-0.3848486,-0.02222591,1.705135,2012-06-18_010558085
-0.3850071,-0.02244