-0.1090514,-0.1302986,1.735492,2012-06-18_010552306
-0.1111026,-0.1289288,1.739188,2012-06-18_010552448
-0.1118684,-0.1283034,1.741173,2012-06-18_010552526
-0.1122232,-0.1279496,1.742284,2012-06-18_010552619
-0.1126091,-0.1275623,1.743575,2012-06-18_010552686
-0.1127921,-0.1273883,1.744188,2012-06-18_010552757
-0.1129526,-0.1272594,1.744682,2012-06-18_010552828
-0.113102,-0.1271584,1.745107,2012-06-18_010552915
-0.1133027,-0.1270145,1.745654,2012-06-18_010552988
-0.1134641,-0.1269136,1.746046,2012-06-18_010553053
-0.1135712,-0.1268515,1.746271,2012-06-18_010553122
-0.113887,-0.1266414,1.746951,2012-06-18_010553187
-0.1140806,-0.1264819,1.747397,2012-06-18_010553280
-0.1142713,-0.1263392,1.747828,2012-06-18_010553345
-0.1144815,-0.1261793,1.748376,2012-06-18_010553426
-0.114573,-0.126098,1.74869,2012-06-18_010553508
-0.1147583,-0.1260898,1.74892,2012-06-18_010553585
-0.1155538,-0.12604,1.748963,2012-06-18_010553659
-0.1168769,-0.1258014,1.748544,2012-06-18_010553740
-0.118541,-0.1254877,1.747868,2012-06-18_010553813
-0.1201296,-0.1251834,1.747026,2012-06-18_010553884
-0.1213201,-0.1247867,1.746163,2012-06-18_010553951
-0.1221821,-0.1243921,1.745298,2012-06-18_010554023
-0.1229386,-0.1237517,1.744052,2012-06-18_010554093
-0.1232264,-0.1232601,1.743212,2012-06-18_010554180
-0.1234008,-0.1227511,1.742413,2012-06-18_010554248
-0.1234796,-0.1222212,1.741661,2012-06-18_010554318
-0.1234922,-0.1217078,1.740974,2012-06-18_010554387
-0.1234284,-0.1209703,1.740043,2012-06-18_010554457
-0.1233848,-0.1205176,1.7395,2012-06-18_010554526
-0.1233618,-0.1200828,1.738999,2012-06-18_010554610
-0.1233549,-0.1197052,1.738564,2012-06-18_010554691
-0.1233247,-0.1190569,1.737894,2012-06-18_010554756
-0.1232642,-0.1186007,1.737443,2012-06-18_010554829
-0.1231962,-0.1181567,1.737006,2012-06-18_010554912
-0.1231358,-0.1177583,1.736597,2012-06-18_010554984
-0.1230482,-0.1171011,1.735943,2012-06-18_010555061
-0.1229504,-0.1165932,1.735447,2012-06-18_010555150
-0.1228075,-0.1159802,1.734874,2012-06-18_010555219
-0.1225542,-0.1151515,1.734225,2012-06-18_010555288
-0.1219713,-0.1134487,1.73318,2012-06-18_010555362
-0.1213522,-0.1117899,1.732477,2012-06-18_010555447
-0.1206148,-0.1098184,1.731806,2012-06-18_010555526
-0.1191648,-0.1064305,1.731017,2012-06-18_010555607
-0.1176361,-0.1032888,1.730647,2012-06-18_010555682
-0.1159273,-0.09985419,1.730419,2012-06-18_010555750
-0.1140114,-0.09594371,1.730352,2012-06-18_010555820
-0.1110444,-0.08859555,1.730719,2012-06-18_010555910
-0.1091454,-0.08103411,1.731322,2012-06-18_010555988
-0.1057491,-0.06514116,1.733301,2012-06-18_010556073
-0.1016314,-0.04990182,1.735897,2012-06-18_010556145
-0.09846608,-0.03794773,1.737121,2012-06-18_010556219
-0.09524632,-0.02677148,1.738152,2012-06-18_010556290
-0.09411152,-0.02317355,1.738433,2012-06-18_010556376
-0.09356491,-0.02138886,1.738503,2012-06-18_010556456
-0.093742,-0.02158925,1.738218,2012-06-18_010556526
-0.09891628,-0.03576627,1.735635,2012-06-18_010556610
-0.1026995,-0.04624663,1.734415,2012-06-18_010556684
-0.1054128,-0.054677,1.733564,2012-06-18_010556753
-0.1069639,-0.06211425,1.732848,2012-06-18_010556836
-0.1077886,-0.070102,1.732065,2012-06-18_010556922
-0.1081901,-0.07563901,1.73132,2012-06-18_010556994
-0.1091256,-0.08333435,1.730069,2012-06-18_010557084
-0.1099186,-0.087291,1.729293,2012-06-18_010557152
-0.1106762,-0.0901351,1.728628,2012-06-18_010557225
-0.1116595,-0.09301751,1.727795,2012-06-18_010557323
-0.1128998,-0.09570709,1.726766,2012-06-18_010557409
-0.1138444,-0.09749193,1.725966,2012-06-18_010557483
-0.1148447,-0.09924804,1.725185,2012-06-18_010557556
-0.1157332,-0.1007175,1.724526,2012-06-18_010557626
-0.1169195,-0.102589,1.723747,2012-06-18_010557715
-0.1175094,-0.1035045,1.723401,2012-06-18_010557789
-0.11798,-0.1042557,1.723151,2012-06-18_010557858
-0.1185542,-0.1052663,1.72292,2012-06-18_010557943
-0.1189141,-0.1060896,1.722847,2012-06-18_010558014
-0.119283,-0.1069674,1.72283,2012-06-18_010558085
-0.1196399,-0.107934,1.722873,2012-06-18_010558157
-0.1199329,-0.