-0.2147239,-0.02324594,1.814092,2012-06-18_011422254
-0.2127385,-0.02304172,1.815053,2012-06-18_011422401
-0.2121925,-0.02301514,1.815387,2012-06-18_011422475
-0.2117536,-0.02298548,1.815689,2012-06-18_011422549
-0.2113947,-0.02295934,1.81596,2012-06-18_011422618
-0.2111,-0.02291782,1.816193,2012-06-18_011422691
-0.2106912,-0.02280098,1.816569,2012-06-18_011422798
-0.2105783,-0.02275293,1.816706,2012-06-18_011422871
-0.2105014,-0.02271934,1.816819,2012-06-18_011422951
-0.2104526,-0.0227083,1.816926,2012-06-18_011423014
-0.2104559,-0.02273324,1.817074,2012-06-18_011423081
-0.2107524,-0.02288015,1.817477,2012-06-18_011423150
-0.2125252,-0.02333438,1.818787,2012-06-18_011423221
-0.2144929,-0.02377588,1.819864,2012-06-18_011423312
-0.2165137,-0.02418076,1.82088,2012-06-18_011423384
-0.2185148,-0.02452749,1.821773,2012-06-18_011423452
-0.2212495,-0.02502479,1.822823,2012-06-18_011423532
-0.2227597,-0.02536258,1.82332,2012-06-18_011423607
-0.2240981,-0.02569462,1.82368,2012-06-18_011423682
-0.2252278,-0.02599902,1.823933,2012-06-18_011423755
-0.2267184,-0.02640798,1.824126,2012-06-18_011423844
-0.2275347,-0.02656335,1.824167,2012-06-18_011423913
-0.2282825,-0.02660285,1.824149,2012-06-18_011423987
-0.2292502,-0.02650846,1.824051,2012-06-18_011424078
-0.2297383,-0.02639107,1.823973,2012-06-18_011424157
-0.2302804,-0.0261284,1.823853,2012-06-18_011424244
-0.230615,-0.02578524,1.823767,2012-06-18_011424310
-0.2309303,-0.02518938,1.823684,2012-06-18_011424382
-0.2311814,-0.02420244,1.823603,2012-06-18_011424456
-0.2313752,-0.02213734,1.823511,2012-06-18_011424538
-0.2313632,-0.02064184,1.82345,2012-06-18_011424607
-0.2311496,-0.01901648,1.823395,2012-06-18_011424691
-0.2308508,-0.01743861,1.823355,2012-06-18_011424755
-0.2302919,-0.01519109,1.823321,2012-06-18_011424836
-0.2299264,-0.01381914,1.823291,2012-06-18_011424910
-0.2295495,-0.01236374,1.823264,2012-06-18_011424989
-0.228854,-0.01023488,1.823198,2012-06-18_011425084
-0.2280916,-0.008189132,1.823072,2012-06-18_011425169
-0.2276058,-0.00698488,1.822968,2012-06-18_011425232
-0.2271781,-0.006010082,1.822871,2012-06-18_011425307
-0.2268239,-0.005247048,1.822787,2012-06-18_011425381
-0.2265606,-0.004693836,1.822731,2012-06-18_011425455
-0.226346,-0.004194465,1.822705,2012-06-18_011425549
-0.2263003,-0.004049039,1.822712,2012-06-18_011425622
-0.2264049,-0.004060323,1.822812,2012-06-18_011425706
-0.226745,-0.004427887,1.823023,2012-06-18_011425775
-0.2273331,-0.005314684,1.823406,2012-06-18_011425843
-0.2280573,-0.006572563,1.823887,2012-06-18_011425911
-0.2288564,-0.008305107,1.824423,2012-06-18_011425992
-0.2299519,-0.01151566,1.82515,2012-06-18_011426090
-0.2307956,-0.01435077,1.825625,2012-06-18_011426167
-0.2312254,-0.01604756,1.825819,2012-06-18_011426267
-0.231695,-0.018169,1.825986,2012-06-18_011426348
-0.2319019,-0.01932562,1.826043,2012-06-18_011426421
-0.2319939,-0.02038043,1.826082,2012-06-18_011426489
-0.2319336,-0.0217858,1.82611,2012-06-18_011426575
-0.2317491,-0.02262423,1.826123,2012-06-18_011426646
-0.2315385,-0.02330591,1.826139,2012-06-18_011426721
-0.2311984,-0.02404947,1.826156,2012-06-18_011426807
-0.2309491,-0.02443119,1.826159,2012-06-18_011426887
-0.2306956,-0.02474579,1.826164,2012-06-18_011426952
-0.2303653,-0.02504436,1.826187,2012-06-18_011427022
-0.2297729,-0.02546976,1.826254,2012-06-18_011427108
-0.2293512,-0.02572403,1.826308,2012-06-18_011427189
-0.2287603,-0.02604126,1.826398,2012-06-18_011427275
-0.2283675,-0.02624013,1.826471,2012-06-18_011427355
-0.2280139,-0.02641053,1.826545,2012-06-18_011427423
-0.2275913,-0.02669156,1.82665,2012-06-18_011427508
-0.2274067,-0.02684392,1.826707,2012-06-18_011427581
-0.2272815,-0.02698276,1.826752,2012-06-18_011427655
-0.2271368,-0.02719173,1.826824,2012-06-18_011427736
-0.2270686,-0.02731438,1.826873,2012-06-18_011427820
-0.2270224,-0.02742511,1.82693,2012-06-18_011427893
-0.2270028,-0.02757276,1.827033,2012-06-18_011427974
-0.2270258,-0.02767878,1.82712,2012-06-18_011428043
-0.2270824,-0.0277921,1.827223,2012-06-18_011428117
-0.22