-0.1092892,-0.8071118,1.848336,2012-06-18_010552306
-0.1081387,-0.8055595,1.847399,2012-06-18_010552448
-0.1074294,-0.8047744,1.847046,2012-06-18_010552526
-0.1068543,-0.8041872,1.846868,2012-06-18_010552619
-0.1060421,-0.8033028,1.846672,2012-06-18_010552686
-0.1055837,-0.8027217,1.846597,2012-06-18_010552757
-0.1051753,-0.8021629,1.846539,2012-06-18_010552828
-0.1048023,-0.8016236,1.846487,2012-06-18_010552915
-0.1042674,-0.8008086,1.84641,2012-06-18_010552988
-0.1038685,-0.800279,1.846328,2012-06-18_010553053
-0.1036049,-0.8000048,1.846271,2012-06-18_010553122
-0.1028468,-0.7992153,1.846109,2012-06-18_010553187
-0.1024502,-0.7987285,1.846009,2012-06-18_010553280
-0.102085,-0.7982819,1.845915,2012-06-18_010553345
-0.1018028,-0.7977557,1.845764,2012-06-18_010553426
-0.1018346,-0.7974045,1.845637,2012-06-18_010553508
-0.1019047,-0.7971169,1.845519,2012-06-18_010553585
-0.1015752,-0.7965962,1.845478,2012-06-18_010553659
-0.1009631,-0.7959822,1.845446,2012-06-18_010553740
-0.100234,-0.7952927,1.845387,2012-06-18_010553813
-0.09957959,-0.7946538,1.845281,2012-06-18_010553884
-0.09911036,-0.7939886,1.845161,2012-06-18_010553951
-0.09879234,-0.7931606,1.844983,2012-06-18_010554023
-0.09844737,-0.7915421,1.844556,2012-06-18_010554093
-0.09827203,-0.7902141,1.844172,2012-06-18_010554180
-0.09809292,-0.7879722,1.843542,2012-06-18_010554248
-0.09788532,-0.7848162,1.842663,2012-06-18_010554318
-0.09761944,-0.7810948,1.84164,2012-06-18_010554387
-0.09721365,-0.7751647,1.840009,2012-06-18_010554457
-0.09697494,-0.7713373,1.83898,2012-06-18_010554526
-0.09678987,-0.767715,1.838042,2012-06-18_010554610
-0.09572581,-0.7195593,1.825566,2012-06-18_010554691
-0.09472873,-0.6742203,1.81378,2012-06-18_010554756
-0.09467681,-0.6699562,1.812634,2012-06-18_010554829
-0.09489057,-0.6743351,1.813706,2012-06-18_010554912
-0.09505609,-0.6788983,1.814839,2012-06-18_010554984
-0.0951905,-0.6821154,1.815619,2012-06-18_010555061
-0.09525227,-0.6833029,1.815893,2012-06-18_010555150
-0.09530032,-0.6838465,1.816015,2012-06-18_010555219
-0.09537944,-0.6840543,1.816049,2012-06-18_010555288
-0.09559501,-0.6835721,1.815866,2012-06-18_010555362
-0.09575853,-0.6826665,1.815543,2012-06-18_010555447
-0.09589796,-0.6814694,1.815117,2012-06-18_010555526
-0.09603418,-0.6789985,1.814305,2012-06-18_010555607
-0.09602748,-0.6772177,1.813724,2012-06-18_010555682
-0.09597728,-0.6757452,1.813245,2012-06-18_010555750
-0.09594838,-0.6746535,1.812884,2012-06-18_010555820
-0.09591697,-0.6736089,1.812526,2012-06-18_010555910
-0.09591464,-0.6731636,1.812363,2012-06-18_010555988
-0.09591904,-0.6727293,1.81219,2012-06-18_010556073
-0.09592646,-0.6725305,1.812103,2012-06-18_010556145
-0.09593615,-0.6723803,1.812035,2012-06-18_010556219
-0.09594736,-0.6721995,1.811939,2012-06-18_010556290
-0.09596048,-0.6720843,1.81187,2012-06-18_010556376
-0.09598316,-0.6719624,1.811795,2012-06-18_010556456
-0.09601307,-0.671796,1.811691,2012-06-18_010556526
-0.09602489,-0.6717193,1.811635,2012-06-18_010556610
-0.09603362,-0.6716571,1.811584,2012-06-18_010556684
-0.09604476,-0.6716047,1.811538,2012-06-18_010556753
-0.09605514,-0.6715664,1.811499,2012-06-18_010556837
-0.0960689,-0.6715147,1.811449,2012-06-18_010556922
-0.09607694,-0.6714846,1.811421,2012-06-18_010556994
-0.09609047,-0.6714557,1.811389,2012-06-18_010557084
-0.09610058,-0.6714396,1.81137,2012-06-18_010557152
-0.09611532,-0.6714163,1.811346,2012-06-18_010557225
-0.09614519,-0.671366,1.811297,2012-06-18_010557323
-0.09618046,-0.6713046,1.81123,2012-06-18_010557409
-0.09620606,-0.6712534,1.811178,2012-06-18_010557483
-0.096233,-0.6712002,1.811124,2012-06-18_010557556
-0.0962586,-0.6711463,1.811068,2012-06-18_010557626
-0.09628268,-0.6710949,1.811002,2012-06-18_010557715
-0.09628325,-0.6710668,1.810969,2012-06-18_010557789
-0.09627448,-0.6710411,1.810941,2012-06-18_010557858
-0.09624337,-0.6710176,1.810907,2012-06-18_010557943
-0.09621407,-0.6710065,1.810887,2012-06-18_010558014
-0.09616987,-0.6709778,1.810861,2012-06-18_010558085
-0.09611296,-0.6709476,1.810832