-0.2996247,-0.8081542,1.825942,2012-06-18_010552306
-0.299902,-0.8068437,1.825629,2012-06-18_010552448
-0.300126,-0.8061023,1.825459,2012-06-18_010552526
-0.3003768,-0.8055887,1.825329,2012-06-18_010552619
-0.3008306,-0.8048241,1.825073,2012-06-18_010552686
-0.3011074,-0.8043365,1.824923,2012-06-18_010552757
-0.3013414,-0.8039026,1.824816,2012-06-18_010552828
-0.3015567,-0.8035017,1.824715,2012-06-18_010552915
-0.301877,-0.8029131,1.824553,2012-06-18_010552988
-0.3021014,-0.8025239,1.824429,2012-06-18_010553053
-0.3022112,-0.8023223,1.824363,2012-06-18_010553122
-0.3025333,-0.8017237,1.824181,2012-06-18_010553187
-0.3027029,-0.8013318,1.824086,2012-06-18_010553280
-0.3028519,-0.8009589,1.823994,2012-06-18_010553345
-0.3029864,-0.8004476,1.823924,2012-06-18_010553426
-0.3030508,-0.800123,1.823881,2012-06-18_010553508
-0.303111,-0.7998166,1.823832,2012-06-18_010553585
-0.3029974,-0.7990432,1.823961,2012-06-18_010553659
-0.3028459,-0.7984253,1.824104,2012-06-18_010553740
-0.3027213,-0.7978738,1.824229,2012-06-18_010553813
-0.3026281,-0.797394,1.824344,2012-06-18_010553884
-0.3025318,-0.796915,1.824443,2012-06-18_010553951
-0.3023813,-0.7962907,1.82451,2012-06-18_010554023
-0.3019936,-0.7950595,1.824531,2012-06-18_010554093
-0.3017574,-0.7937924,1.824641,2012-06-18_010554180
-0.3015745,-0.791482,1.824699,2012-06-18_010554248
-0.3014716,-0.7884403,1.824412,2012-06-18_010554318
-0.3014443,-0.7850741,1.823823,2012-06-18_010554387
-0.3014639,-0.7799214,1.82254,2012-06-18_010554457
-0.3015684,-0.7766485,1.821453,2012-06-18_010554526
-0.3014547,-0.7732564,1.820553,2012-06-18_010554610
-0.3013981,-0.7702681,1.819618,2012-06-18_010554691
-0.3012663,-0.7666352,1.818389,2012-06-18_010554756
-0.3011763,-0.7651195,1.817858,2012-06-18_010554829
-0.30106,-0.763891,1.817512,2012-06-18_010554912
-0.3009412,-0.7625415,1.817168,2012-06-18_010554984
-0.3008,-0.7604856,1.816578,2012-06-18_010555061
-0.3007307,-0.7593582,1.816213,2012-06-18_010555150
-0.3006352,-0.7578439,1.815797,2012-06-18_010555219
-0.2996797,-0.7158458,1.801053,2012-06-18_010555288
-0.2990244,-0.6823086,1.789071,2012-06-18_010555362
-0.2990849,-0.6772479,1.787129,2012-06-18_010555447
-0.299183,-0.674852,1.786154,2012-06-18_010555526
-0.2995151,-0.6770085,1.786659,2012-06-18_010555607
-0.2995936,-0.6772144,1.786665,2012-06-18_010555682
-0.2996933,-0.6780556,1.78689,2012-06-18_010555750
-0.2997538,-0.6787363,1.787077,2012-06-18_010555820
-0.299606,-0.6738482,1.785322,2012-06-18_010555910
-0.2993457,-0.6666963,1.782809,2012-06-18_010555988
-0.2991206,-0.6616653,1.781073,2012-06-18_010556073
-0.2990273,-0.6601565,1.780567,2012-06-18_010556145
-0.2989728,-0.6593563,1.780304,2012-06-18_010556219
-0.2989267,-0.6587864,1.780122,2012-06-18_010556290
-0.2988983,-0.6586194,1.780078,2012-06-18_010556376
-0.2988656,-0.6585539,1.780075,2012-06-18_010556456
-0.2988054,-0.6585297,1.780108,2012-06-18_010556526
-0.2987654,-0.6585345,1.780138,2012-06-18_010556610
-0.2987299,-0.6585483,1.780167,2012-06-18_010556684
-0.2987023,-0.6585668,1.780191,2012-06-18_010556753
-0.2986634,-0.6591051,1.7804,2012-06-18_010556837
-0.2987888,-0.6632463,1.781777,2012-06-18_010556922
-0.2990414,-0.666925,1.782903,2012-06-18_010556994
-0.2992819,-0.6702037,1.78389,2012-06-18_010557084
-0.2992791,-0.6699667,1.783769,2012-06-18_010557152
-0.2992766,-0.6699862,1.783756,2012-06-18_010557225
-0.2992692,-0.6704352,1.783882,2012-06-18_010557323
-0.2992468,-0.6705385,1.783881,2012-06-18_010557409
-0.2992475,-0.6706208,1.783883,2012-06-18_010557483
-0.2992456,-0.6704968,1.783808,2012-06-18_010557556
-0.2992449,-0.6705237,1.7838,2012-06-18_010557626
-0.2992152,-0.6702709,1.783707,2012-06-18_010557715
-0.29916,-0.6707978,1.783935,2012-06-18_010557789
-0.299122,-0.6712092,1.784113,2012-06-18_010557858
-0.2990185,-0.673304,1.784988,2012-06-18_010557943
-0.2989172,-0.6747949,1.78565,2012-06-18_010558014
-0.2988254,-0.6760827,1.786241,2012-06-18_010558085
-0.2987213,-0.6765574,1.786564,2012-06-18_010558157
-0.2986804,-0.676739,1.78669,2012-06-18_010558