-0.01191371,-0.03737579,1.793256,2012-06-18_010552306
-0.009148355,-0.03530102,1.799018,2012-06-18_010552448
-0.00816583,-0.03437951,1.801475,2012-06-18_010552526
-0.007673171,-0.03385745,1.802934,2012-06-18_010552619
-0.007219238,-0.03329878,1.804623,2012-06-18_010552686
-0.007081115,-0.0330108,1.805537,2012-06-18_010552757
-0.007028492,-0.03278176,1.806297,2012-06-18_010552828
-0.007043475,-0.03258961,1.806964,2012-06-18_010552915
-0.007132657,-0.03235368,1.807865,2012-06-18_010552988
-0.007234451,-0.0321914,1.808485,2012-06-18_010553053
-0.007299447,-0.03209337,1.808832,2012-06-18_010553122
-0.00751595,-0.03182572,1.809799,2012-06-18_010553187
-0.007660097,-0.0316654,1.810366,2012-06-18_010553280
-0.007789777,-0.03154592,1.810872,2012-06-18_010553345
-0.007966301,-0.03152358,1.811539,2012-06-18_010553426
-0.007941348,-0.03182643,1.812027,2012-06-18_010553508
-0.00693181,-0.03316013,1.812864,2012-06-18_010553585
0.01063381,-0.03693233,1.816541,2012-06-18_010553659
0.049815,-0.03114236,1.820834,2012-06-18_010553740
0.08065683,-0.007554642,1.823569,2012-06-18_010553813
0.09725197,0.02539613,1.825041,2012-06-18_010553884
0.1049536,0.05005044,1.826177,2012-06-18_010553951
0.1086216,0.06367441,1.826683,2012-06-18_010554023
0.1103143,0.08276732,1.824823,2012-06-18_010554093
0.1135416,0.09516931,1.822301,2012-06-18_010554180
0.1202404,0.1089322,1.818744,2012-06-18_010554247
0.1272746,0.1219196,1.81516,2012-06-18_010554318
0.134552,0.1334498,1.811923,2012-06-18_010554387
0.1440001,0.1495588,1.808083,2012-06-18_010554457
0.14739,0.1608472,1.805753,2012-06-18_010554526
0.1488501,0.1711823,1.803597,2012-06-18_010554610
0.1492373,0.1811518,1.801618,2012-06-18_010554691
0.1514308,0.1933214,1.799474,2012-06-18_010554756
0.1536764,0.2024024,1.797506,2012-06-18_010554829
0.1559208,0.2145432,1.795282,2012-06-18_010554911
0.1563964,0.231148,1.792742,2012-06-18_010554984
0.1481268,0.2612887,1.788451,2012-06-18_010555061
0.137056,0.2791686,1.786891,2012-06-18_010555150
0.1295321,0.3029006,1.784925,2012-06-18_010555219
0.1516147,0.3429026,1.783234,2012-06-18_010555288
0.1580802,0.3648484,1.78115,2012-06-18_010555362
0.1520858,0.3806907,1.778232,2012-06-18_010555447
0.1457543,0.4081582,1.773871,2012-06-18_010555526
0.1085187,0.4248166,1.769109,2012-06-18_010555607
0.09564459,0.430684,1.768176,2012-06-18_010555682
0.08759348,0.4431523,1.768014,2012-06-18_010555750
0.08034515,0.4628644,1.768073,2012-06-18_010555820
0.06527759,0.491237,1.767797,2012-06-18_010555910
0.05266837,0.5091901,1.766381,2012-06-18_010555988
0.03279567,0.5282317,1.764046,2012-06-18_010556073
0.02031662,0.5301437,1.762564,2012-06-18_010556145
0.01321332,0.5325708,1.76125,2012-06-18_010556219
0.007573595,0.5360126,1.759587,2012-06-18_010556290
0.005669706,0.5379155,1.758738,2012-06-18_010556376
0.00457946,0.539156,1.758199,2012-06-18_010556456
0.003342269,0.5388812,1.757792,2012-06-18_010556526
0.004309291,0.5312047,1.758201,2012-06-18_010556609
0.01179489,0.5257312,1.75943,2012-06-18_010556684
0.02605811,0.5205369,1.761248,2012-06-18_010556753
0.04260286,0.511232,1.763903,2012-06-18_010556836
0.07099671,0.490939,1.76914,2012-06-18_010556921
0.08770239,0.4714042,1.771452,2012-06-18_010556993
0.1006668,0.4276674,1.772406,2012-06-18_010557084
0.1235743,0.4116701,1.772708,2012-06-18_010557152
0.1436586,0.4077195,1.772383,2012-06-18_010557225
0.1557759,0.3927379,1.773393,2012-06-18_010557323
0.1409419,0.3356836,1.778456,2012-06-18_010557409
0.130347,0.3102947,1.780649,2012-06-18_010557483
0.1280295,0.2887387,1.780387,2012-06-18_010557556
0.1355897,0.2669229,1.778564,2012-06-18_010557626
0.162104,0.2289589,1.775499,2012-06-18_010557715
0.1719985,0.2119415,1.77435,2012-06-18_010557789
0.1719144,0.1962712,1.773421,2012-06-18_010557858
0.162032,0.1649489,1.771575,2012-06-18_010557942
0.1536705,0.1440134,1.770797,2012-06-18_010558014
0.1437411,0.1279174,1.770651,2012-06-18_010558085
0.134397,0.1138201,1.770723,2012-06-18_010558157
0.1254586,0.1001162,1.771266,2012-06-18_010558232
0.1110664,0.07099359,1.7