-0.0974278,-0.8456335,1.760821,2012-06-18_010552306
-0.09712048,-0.8442511,1.759911,2012-06-18_010552448
-0.09677845,-0.8435397,1.759572,2012-06-18_010552526
-0.09643287,-0.8429843,1.759395,2012-06-18_010552619
-0.09589353,-0.8420976,1.759198,2012-06-18_010552686
-0.09558075,-0.8414871,1.759121,2012-06-18_010552757
-0.09530064,-0.8408865,1.759062,2012-06-18_010552828
-0.09503791,-0.8402973,1.759011,2012-06-18_010552915
-0.09460034,-0.8393851,1.758945,2012-06-18_010552988
-0.09424701,-0.8387924,1.758876,2012-06-18_010553053
-0.09401246,-0.8384909,1.758827,2012-06-18_010553122
-0.09333222,-0.8376213,1.75869,2012-06-18_010553187
-0.09297599,-0.8370835,1.758608,2012-06-18_010553280
-0.09263668,-0.8365887,1.758532,2012-06-18_010553345
-0.09238572,-0.8359981,1.758404,2012-06-18_010553426
-0.0924397,-0.835602,1.758291,2012-06-18_010553508
-0.09251547,-0.8352794,1.758188,2012-06-18_010553585
-0.09203064,-0.8346536,1.758179,2012-06-18_010553659
-0.09116174,-0.8339188,1.75817,2012-06-18_010553740
-0.09002415,-0.8330775,1.758132,2012-06-18_010553813
-0.0889413,-0.8323003,1.758039,2012-06-18_010553884
-0.08805011,-0.8315106,1.757934,2012-06-18_010553951
-0.08733945,-0.8306006,1.757779,2012-06-18_010554023
-0.08631453,-0.8289056,1.757411,2012-06-18_010554093
-0.08562993,-0.827551,1.757081,2012-06-18_010554180
-0.08484875,-0.8253226,1.756537,2012-06-18_010554248
-0.0840526,-0.8222079,1.755757,2012-06-18_010554318
-0.08328693,-0.8185299,1.754828,2012-06-18_010554387
-0.08235334,-0.8126413,1.753325,2012-06-18_010554457
-0.08192123,-0.8088204,1.752362,2012-06-18_010554526
-0.08165593,-0.8051893,1.751475,2012-06-18_010554610
-0.08181416,-0.7908919,1.763797,2012-06-18_010554691
-0.08408068,-0.7708737,1.788558,2012-06-18_010554756
-0.0846669,-0.7664088,1.794143,2012-06-18_010554829
-0.08491973,-0.7641438,1.797017,2012-06-18_010554912
-0.08509235,-0.7629803,1.798664,2012-06-18_010554984
-0.08311647,-0.7399891,1.76043,2012-06-18_010555061
-0.08245678,-0.7314951,1.74481,2012-06-18_010555150
-0.08136404,-0.7221221,1.729251,2012-06-18_010555219
-0.08104271,-0.718379,1.723356,2012-06-18_010555288
-0.08089852,-0.7156608,1.720124,2012-06-18_010555362
-0.08095585,-0.7147211,1.720163,2012-06-18_010555447
-0.08104027,-0.7140871,1.720874,2012-06-18_010555526
-0.08112534,-0.7131255,1.722104,2012-06-18_010555607
-0.08112263,-0.7124184,1.722772,2012-06-18_010555682
-0.08108182,-0.7117619,1.723298,2012-06-18_010555750
-0.08105247,-0.7112074,1.723691,2012-06-18_010555820
-0.08107913,-0.7105858,1.724083,2012-06-18_010555910
-0.0811389,-0.7102662,1.724256,2012-06-18_010555988
-0.08119729,-0.7099016,1.724444,2012-06-18_010556073
-0.08126988,-0.7096972,1.724535,2012-06-18_010556145
-0.08144739,-0.7094886,1.724614,2012-06-18_010556219
-0.08190912,-0.7091571,1.724688,2012-06-18_010556290
-0.08225851,-0.7089338,1.724713,2012-06-18_010556376
-0.08246929,-0.7087522,1.724738,2012-06-18_010556456
-0.0826453,-0.7085404,1.724778,2012-06-18_010556526
-0.08260636,-0.7084289,1.724831,2012-06-18_010556610
-0.08251898,-0.7083306,1.724892,2012-06-18_010556684
-0.08246149,-0.7082567,1.72494,2012-06-18_010556753
-0.08241805,-0.7082031,1.724984,2012-06-18_010556837
-0.08236557,-0.708132,1.725049,2012-06-18_010556922
-0.08231501,-0.7080862,1.725099,2012-06-18_010556994
-0.08222713,-0.7080355,1.725184,2012-06-18_010557084
-0.08217525,-0.7080088,1.725235,2012-06-18_010557152
-0.08213972,-0.7079809,1.725271,2012-06-18_010557225
-0.08212084,-0.7079406,1.725302,2012-06-18_010557323
-0.08214735,-0.7078915,1.725313,2012-06-18_010557409
-0.08220516,-0.7078398,1.725309,2012-06-18_010557483
-0.08231283,-0.7077747,1.725292,2012-06-18_010557556
-0.08244939,-0.7077034,1.725264,2012-06-18_010557626
-0.08262755,-0.7076343,1.725228,2012-06-18_010557715
-0.08270294,-0.7076017,1.725212,2012-06-18_010557789
-0.0827587,-0.7075756,1.7252,2012-06-18_010557858
-0.08279955,-0.7075589,1.725191,2012-06-18_010557943
-0.0828143,-0.7075539,1.725187,2012-06-18_010558014
-0.08282603,-0.7075421,1.725181,2012-06-18_010558085
-0.08283114,