-0.2874926,-0.8462158,1.738293,2012-06-18_010552306
-0.2886018,-0.8448881,1.737916,2012-06-18_010552448
-0.2891858,-0.8441612,1.737737,2012-06-18_010552526
-0.2896744,-0.8436467,1.737604,2012-06-18_010552619
-0.2904463,-0.8428767,1.73735,2012-06-18_010552686
-0.2909045,-0.8423822,1.73721,2012-06-18_010552757
-0.2912967,-0.8419378,1.737116,2012-06-18_010552828
-0.2916478,-0.8415278,1.737031,2012-06-18_010552915
-0.2920995,-0.8409413,1.736904,2012-06-18_010552988
-0.2923882,-0.840555,1.736807,2012-06-18_010553053
-0.2925308,-0.8403533,1.736755,2012-06-18_010553122
-0.2929439,-0.8397454,1.736614,2012-06-18_010553187
-0.2931644,-0.8393455,1.736547,2012-06-18_010553280
-0.2933496,-0.8389674,1.736483,2012-06-18_010553345
-0.2935276,-0.8384455,1.736455,2012-06-18_010553426
-0.2936131,-0.8381136,1.736439,2012-06-18_010553508
-0.2936791,-0.8377998,1.736415,2012-06-18_010553585
-0.2934527,-0.8369732,1.736603,2012-06-18_010553659
-0.2931551,-0.8362924,1.736789,2012-06-18_010553740
-0.2928134,-0.8356614,1.736961,2012-06-18_010553813
-0.2924742,-0.8351023,1.737122,2012-06-18_010553884
-0.2920572,-0.8345266,1.737272,2012-06-18_010553951
-0.2915021,-0.8337891,1.737391,2012-06-18_010554023
-0.2902969,-0.8323482,1.737486,2012-06-18_010554093
-0.2894517,-0.8309877,1.737661,2012-06-18_010554180
-0.2885736,-0.8286783,1.737799,2012-06-18_010554248
-0.2878259,-0.8257118,1.73759,2012-06-18_010554318
-0.2872649,-0.8224411,1.737078,2012-06-18_010554387
-0.2867181,-0.8173895,1.735897,2012-06-18_010554457
-0.2866033,-0.8141467,1.734865,2012-06-18_010554526
-0.286384,-0.8107494,1.734005,2012-06-18_010554610
-0.2862851,-0.8077422,1.733102,2012-06-18_010554691
-0.2861741,-0.8040727,1.731904,2012-06-18_010554756
-0.2860956,-0.802541,1.731383,2012-06-18_010554829
-0.2859898,-0.8013015,1.731041,2012-06-18_010554912
-0.2858816,-0.7999434,1.730696,2012-06-18_010554984
-0.2857819,-0.7978767,1.730089,2012-06-18_010555061
-0.2857521,-0.796743,1.729707,2012-06-18_010555150
-0.2856981,-0.795223,1.729273,2012-06-18_010555219
-0.3331254,-0.75604,1.749535,2012-06-18_010555288
-0.3819944,-0.7146883,1.767636,2012-06-18_010555362
-0.3829859,-0.7146636,1.767483,2012-06-18_010555447
-0.3655288,-0.7314984,1.772385,2012-06-18_010555526
-0.3561094,-0.7404319,1.7733,2012-06-18_010555607
-0.3498185,-0.7442634,1.77514,2012-06-18_010555682
-0.3477776,-0.7458259,1.775577,2012-06-18_010555750
-0.3466651,-0.7466736,1.775809,2012-06-18_010555820
-0.305824,-0.7141449,1.722454,2012-06-18_010555910
-0.2739016,-0.6877119,1.67972,2012-06-18_010555988
-0.2684041,-0.683105,1.672772,2012-06-18_010556073
-0.2749655,-0.6879728,1.681325,2012-06-18_010556145
-0.2801767,-0.6916581,1.687552,2012-06-18_010556219
-0.2843342,-0.6944065,1.692085,2012-06-18_010556290
-0.2855999,-0.6952474,1.693448,2012-06-18_010556376
-0.2862125,-0.6957099,1.694192,2012-06-18_010556456
-0.286568,-0.6960332,1.694768,2012-06-18_010556526
-0.2863459,-0.696111,1.695037,2012-06-18_010556610
-0.2860098,-0.6961302,1.695222,2012-06-18_010556684
-0.2857534,-0.6961276,1.695333,2012-06-18_010556753
-0.3331801,-0.7365155,1.786175,2012-06-18_010556837
-0.3472588,-0.748885,1.808042,2012-06-18_010556922
-0.3475403,-0.7495152,1.800153,2012-06-18_010556994
-0.342315,-0.745271,1.787655,2012-06-18_010557084
-0.3378263,-0.7416431,1.784145,2012-06-18_010557152
-0.3361685,-0.7403014,1.782412,2012-06-18_010557225
-0.3356989,-0.7397007,1.780775,2012-06-18_010557323
-0.3356292,-0.7395271,1.780082,2012-06-18_010557409
-0.3357604,-0.7395991,1.779845,2012-06-18_010557483
-0.3357912,-0.739657,1.779799,2012-06-18_010557556
-0.3359531,-0.7397657,1.779755,2012-06-18_010557626
-0.3359704,-0.739724,1.779831,2012-06-18_010557715
-0.3369352,-0.7399774,1.779438,2012-06-18_010557789
-0.3377808,-0.7401209,1.779081,2012-06-18_010557858
-0.3408509,-0.7405419,1.77735,2012-06-18_010557943
-0.3428914,-0.7406164,1.776068,2012-06-18_010558014
-0.3445753,-0.7405655,1.774948,2012-06-18_010558085
-0.3452026,-0.7403445,1.774495,2012-06-18_010558157
-0.3454281,-0.7402871,1.774373,2012-06-