-0.3867305,-0.2969913,1.684393,2012-06-18_010552306
-0.3872579,-0.2944789,1.689011,2012-06-18_010552448
-0.387319,-0.2921186,1.690523,2012-06-18_010552526
-0.3874256,-0.2905522,1.691256,2012-06-18_010552619
-0.3880975,-0.291836,1.691653,2012-06-18_010552686
-0.3884826,-0.2936406,1.691647,2012-06-18_010552757
-0.3885051,-0.2921405,1.692064,2012-06-18_010552828
-0.3883294,-0.2883057,1.692726,2012-06-18_010552915
-0.3880916,-0.2850694,1.693267,2012-06-18_010552988
-0.3880118,-0.2864211,1.69322,2012-06-18_010553053
-0.3879842,-0.2882262,1.693079,2012-06-18_010553122
-0.387731,-0.2863966,1.693654,2012-06-18_010553187
-0.3875951,-0.285464,1.693925,2012-06-18_010553280
-0.3874835,-0.2849037,1.694094,2012-06-18_010553345
-0.3873698,-0.2845362,1.694176,2012-06-18_010553426
-0.3872094,-0.285055,1.69386,2012-06-18_010553508
-0.3869203,-0.2869447,1.69261,2012-06-18_010553585
-0.3857405,-0.2932424,1.686683,2012-06-18_010553659
-0.3850287,-0.2984055,1.682031,2012-06-18_010553740
-0.3845381,-0.3025101,1.678165,2012-06-18_010553813
-0.3834218,-0.3058094,1.674221,2012-06-18_010553884
-0.3818068,-0.3084756,1.670339,2012-06-18_010553951
-0.3798258,-0.3103855,1.666724,2012-06-18_010554023
-0.374888,-0.3172436,1.659204,2012-06-18_010554093
-0.372925,-0.3192727,1.656221,2012-06-18_010554180
-0.3713716,-0.3201314,1.654103,2012-06-18_010554247
-0.3701293,-0.3202491,1.65259,2012-06-18_010554318
-0.3690541,-0.3200265,1.651347,2012-06-18_010554387
-0.3678144,-0.3194963,1.649951,2012-06-18_010554457
-0.367272,-0.3191173,1.64934,2012-06-18_010554526
-0.3669048,-0.3187748,1.648927,2012-06-18_010554610
-0.3667185,-0.3185341,1.648688,2012-06-18_010554691
-0.3666265,-0.3182315,1.648439,2012-06-18_010554756
-0.3665761,-0.3180911,1.648175,2012-06-18_010554829
-0.3664803,-0.3180439,1.647641,2012-06-18_010554911
-0.366264,-0.3180225,1.646783,2012-06-18_010554984
-0.3658557,-0.3180405,1.645203,2012-06-18_010555061
-0.3655554,-0.3180905,1.644094,2012-06-18_010555150
-0.3652842,-0.3181724,1.643083,2012-06-18_010555219
-0.3650601,-0.318245,1.642232,2012-06-18_010555288
-0.3647191,-0.3185061,1.64106,2012-06-18_010555362
-0.3644687,-0.3186647,1.640379,2012-06-18_010555447
-0.3641918,-0.3184695,1.639815,2012-06-18_010555526
-0.3635159,-0.3175704,1.639038,2012-06-18_010555607
-0.3628809,-0.3167475,1.638662,2012-06-18_010555682
-0.3622259,-0.3159226,1.638366,2012-06-18_010555750
-0.3615096,-0.3147959,1.638143,2012-06-18_010555820
-0.3602927,-0.3140684,1.637729,2012-06-18_010555910
-0.3595119,-0.3139707,1.63743,2012-06-18_010555988
-0.3584877,-0.3137082,1.636944,2012-06-18_010556073
-0.3578894,-0.3133098,1.636629,2012-06-18_010556145
-0.3573773,-0.312903,1.636374,2012-06-18_010556219
-0.3566485,-0.3108846,1.636259,2012-06-18_010556290
-0.356258,-0.3084657,1.636425,2012-06-18_010556376
-0.356073,-0.307166,1.636541,2012-06-18_010556456
-0.3559254,-0.3060662,1.636693,2012-06-18_010556526
-0.3558729,-0.3059781,1.636874,2012-06-18_010556609
-0.3557919,-0.3061062,1.637019,2012-06-18_010556684
-0.3556385,-0.3067608,1.637125,2012-06-18_010556753
-0.3555865,-0.3067209,1.637244,2012-06-18_010556836
-0.3554574,-0.307346,1.637306,2012-06-18_010556921
-0.3554443,-0.3074179,1.637349,2012-06-18_010556993
-0.3554789,-0.307556,1.637395,2012-06-18_010557084
-0.3555549,-0.3085363,1.637333,2012-06-18_010557152
-0.3556518,-0.3092771,1.637272,2012-06-18_010557225
-0.3557966,-0.309667,1.637267,2012-06-18_010557323
-0.3560313,-0.3099218,1.637316,2012-06-18_010557409
-0.356289,-0.3103573,1.637375,2012-06-18_010557483
-0.356563,-0.3107915,1.637457,2012-06-18_010557556
-0.3568274,-0.3110875,1.637563,2012-06-18_010557626
-0.3572469,-0.3113545,1.637762,2012-06-18_010557715
-0.3575242,-0.311514,1.637893,2012-06-18_010557789
-0.3578042,-0.3115928,1.638028,2012-06-18_010557858
-0.3582431,-0.3118324,1.638235,2012-06-18_010557942
-0.3585835,-0.3120281,1.638422,2012-06-18_010558014
-0.3589267,-0.3121683,1.638647,2012-06-18_010558085
-0.3592668,-0.3122627,1.638896,2012-06-18_010558157
-0.3595905,-0.3123428,1.639159,2012-06-18_