0.005573014,-0.3137118,1.749672,2012-06-18_010552306
0.001607934,-0.2891347,1.746794,2012-06-18_010552448
0.002035091,-0.2868708,1.747917,2012-06-18_010552526
0.002510453,-0.2863529,1.748823,2012-06-18_010552619
0.003274935,-0.2862772,1.750079,2012-06-18_010552686
0.003555003,-0.2864472,1.750577,2012-06-18_010552757
0.003953117,-0.2865277,1.751084,2012-06-18_010552828
0.004994502,-0.2858824,1.752154,2012-06-18_010552915
0.005568839,-0.2856004,1.75279,2012-06-18_010552988
0.005746338,-0.2855115,1.753019,2012-06-18_010553053
0.005772819,-0.2855352,1.753065,2012-06-18_010553122
0.005637912,-0.2858323,1.753045,2012-06-18_010553187
0.005321901,-0.2862418,1.752876,2012-06-18_010553280
0.002547784,-0.2890609,1.751034,2012-06-18_010553345
0.004378933,-0.3097703,1.752363,2012-06-18_010553426
0.01538132,-0.3319182,1.757665,2012-06-18_010553508
0.0659769,-0.3612134,1.763301,2012-06-18_010553585
0.1851073,-0.3457631,1.772596,2012-06-18_010553659
0.2704635,-0.2952002,1.788247,2012-06-18_010553740
0.3162727,-0.2377745,1.793869,2012-06-18_010553813
0.3469682,-0.1969842,1.799704,2012-06-18_010553884
0.3624713,-0.1436237,1.807302,2012-06-18_010553951
0.3682599,-0.1108807,1.810709,2012-06-18_010554023
0.393537,-0.06830743,1.808142,2012-06-18_010554093
0.3988938,-0.04160651,1.805559,2012-06-18_010554180
0.4075674,-0.01672158,1.80167,2012-06-18_010554247
0.4166492,0.007711344,1.797387,2012-06-18_010554318
0.4287439,0.04346381,1.796538,2012-06-18_010554387
0.4375713,0.08164219,1.799049,2012-06-18_010554457
0.440809,0.1056957,1.801283,2012-06-18_010554526
0.4423109,0.1234696,1.80158,2012-06-18_010554610
0.4437669,0.1450376,1.800954,2012-06-18_010554691
0.4502793,0.1762403,1.798578,2012-06-18_010554756
0.4594588,0.1971398,1.79533,2012-06-18_010554829
0.4639799,0.2135086,1.793546,2012-06-18_010554911
0.4653081,0.2670488,1.789304,2012-06-18_010554984
0.4522403,0.325886,1.787947,2012-06-18_010555061
0.45071,0.3611919,1.783552,2012-06-18_010555150
0.4308165,0.4232191,1.773839,2012-06-18_010555219
0.4479462,0.4771371,1.766898,2012-06-18_010555288
0.4707452,0.5424531,1.758928,2012-06-18_010555362
0.4203503,0.5707124,1.753036,2012-06-18_010555447
0.3928317,0.5969069,1.748565,2012-06-18_010555526
0.3562025,0.663425,1.739711,2012-06-18_010555607
0.2829048,0.6712179,1.740822,2012-06-18_010555682
0.2433777,0.6720712,1.74379,2012-06-18_010555750
0.2042638,0.6998015,1.746603,2012-06-18_010555820
0.1705291,0.7355089,1.748286,2012-06-18_010555910
0.1503616,0.7566997,1.745237,2012-06-18_010555988
0.1126527,0.7785317,1.741564,2012-06-18_010556073
0.08683317,0.7860092,1.741071,2012-06-18_010556145
0.03568818,0.7869297,1.731678,2012-06-18_010556219
-0.003148464,0.7864956,1.722336,2012-06-18_010556290
-0.01209894,0.7867659,1.720432,2012-06-18_010556376
-0.1122728,0.7729818,1.699372,2012-06-18_010556456
0.01619658,0.7486913,1.723925,2012-06-18_010556526
0.07578036,0.7652569,1.732435,2012-06-18_010556609
0.1069633,0.7716548,1.737338,2012-06-18_010556684
0.1354977,0.7729294,1.740723,2012-06-18_010556753
0.1599717,0.7650528,1.744583,2012-06-18_010556836
0.2257906,0.715747,1.756345,2012-06-18_010556921
0.2672453,0.6670654,1.759842,2012-06-18_010556993
0.3385796,0.6509185,1.750952,2012-06-18_010557084
0.3735825,0.6236829,1.752765,2012-06-18_010557152
0.4006775,0.6014127,1.756537,2012-06-18_010557225
0.4366568,0.5358458,1.765072,2012-06-18_010557323
0.4163271,0.4439139,1.773297,2012-06-18_010557409
0.4508057,0.3916827,1.782038,2012-06-18_010557483
0.453021,0.325997,1.78783,2012-06-18_010557556
0.4537936,0.2829206,1.783954,2012-06-18_010557626
0.4624412,0.2109083,1.772325,2012-06-18_010557715
0.467938,0.1566396,1.762594,2012-06-18_010557789
0.4631645,0.1128785,1.761973,2012-06-18_010557858
0.4467116,0.05182844,1.758296,2012-06-18_010557942
0.4340532,0.006711314,1.752596,2012-06-18_010558014
0.4202683,-0.0297233,1.74957,2012-06-18_010558085
0.4031174,-0.05817132,1.749032,2012-06-18_010558157
0.387679,-0.09473584,1.75045,2012-06-18_010558232
0.3436326,-0.1594888,1.751306,2012-06-18_010558318
0.3