-0.1995651,0.4867209,1.752295,2012-06-18_010552306
-0.2012801,0.4802268,1.739708,2012-06-18_010552448
-0.201548,0.4789706,1.737602,2012-06-18_010552526
-0.2016967,0.4784244,1.73681,2012-06-18_010552619
-0.2019368,0.477816,1.736088,2012-06-18_010552686
-0.2021235,0.4774927,1.735823,2012-06-18_010552757
-0.202397,0.4771653,1.735713,2012-06-18_010552828
-0.2028591,0.4767798,1.735827,2012-06-18_010552915
-0.203762,0.4762065,1.736435,2012-06-18_010552988
-0.2043414,0.4758909,1.737055,2012-06-18_010553053
-0.2046479,0.4757541,1.73745,2012-06-18_010553122
-0.2054996,0.4754782,1.738909,2012-06-18_010553187
-0.2059607,0.4754001,1.739951,2012-06-18_010553280
-0.2063102,0.4754138,1.741057,2012-06-18_010553345
-0.2066873,0.4756109,1.742823,2012-06-18_010553426
-0.2068899,0.4759322,1.74407,2012-06-18_010553508
-0.2070748,0.4763263,1.745291,2012-06-18_010553585
-0.207307,0.4769303,1.746925,2012-06-18_010553659
-0.2075447,0.4773757,1.747889,2012-06-18_010553740
-0.2079224,0.4778994,1.748933,2012-06-18_010553813
-0.2086402,0.4785793,1.750226,2012-06-18_010553884
-0.2099114,0.4796119,1.751959,2012-06-18_010553951
-0.2113925,0.4805686,1.75358,2012-06-18_010554022
-0.2139266,0.4817211,1.755833,2012-06-18_010554093
-0.2154017,0.482224,1.756989,2012-06-18_010554180
-0.2167335,0.4825496,1.757964,2012-06-18_010554247
-0.2179165,0.4826981,1.758771,2012-06-18_010554318
-0.2189547,0.4827497,1.75943,2012-06-18_010554387
-0.2203557,0.4827577,1.76024,2012-06-18_010554457
-0.2211217,0.4827289,1.760624,2012-06-18_010554526
-0.2217993,0.4826849,1.760921,2012-06-18_010554610
-0.2223571,0.4826453,1.761137,2012-06-18_010554691
-0.2230601,0.482604,1.761384,2012-06-18_010554756
-0.2234386,0.4825845,1.761523,2012-06-18_010554829
-0.2237351,0.4825694,1.761625,2012-06-18_010554911
-0.2239622,0.4825628,1.761701,2012-06-18_010554984
-0.2241822,0.4825641,1.761778,2012-06-18_010555061
-0.2242681,0.4825715,1.761809,2012-06-18_010555150
-0.2243178,0.4826014,1.761835,2012-06-18_010555219
-0.2243169,0.4826763,1.761858,2012-06-18_010555288
-0.2242125,0.4829259,1.761858,2012-06-18_010555362
-0.224067,0.4831752,1.761822,2012-06-18_010555447
-0.2238994,0.4834621,1.761747,2012-06-18_010555526
-0.2235861,0.4839699,1.761545,2012-06-18_010555607
-0.2233584,0.4843044,1.761319,2012-06-18_010555682
-0.2231294,0.4846222,1.760995,2012-06-18_010555750
-0.222731,0.4849532,1.760449,2012-06-18_010555820
-0.2213081,0.4854054,1.758677,2012-06-18_010555910
-0.2192497,0.4856238,1.756651,2012-06-18_010555988
-0.2146533,0.4855934,1.753418,2012-06-18_010556073
-0.2120632,0.4856742,1.751696,2012-06-18_010556145
-0.2102629,0.4859625,1.75041,2012-06-18_010556219
-0.2085717,0.4868148,1.748878,2012-06-18_010556290
-0.2080151,0.4874368,1.74807,2012-06-18_010556376
-0.207698,0.4880114,1.747441,2012-06-18_010556456
-0.2074738,0.4886702,1.746796,2012-06-18_010556526
-0.2073989,0.4888468,1.746611,2012-06-18_010556609
-0.2073606,0.4889227,1.746517,2012-06-18_010556684
-0.2073606,0.4889436,1.74648,2012-06-18_010556753
-0.20743,0.4889344,1.746502,2012-06-18_010556836
-0.2077189,0.4888776,1.74669,2012-06-18_010556921
-0.2081913,0.4888128,1.747058,2012-06-18_010556993
-0.2090311,0.4887187,1.747733,2012-06-18_010557084
-0.209582,0.4886666,1.748208,2012-06-18_010557152
-0.2100912,0.4886316,1.748667,2012-06-18_010557225
-0.2108523,0.4886385,1.749395,2012-06-18_010557322
-0.2116087,0.4886685,1.750143,2012-06-18_010557409
-0.2123713,0.4886843,1.750787,2012-06-18_010557483
-0.2132813,0.4887339,1.751466,2012-06-18_010557556
-0.2141782,0.48878,1.752097,2012-06-18_010557626
-0.2155192,0.4888736,1.752977,2012-06-18_010557715
-0.2164057,0.4889537,1.753532,2012-06-18_010557789
-0.2172739,0.4890466,1.754088,2012-06-18_010557858
-0.2184117,0.4892164,1.75487,2012-06-18_010557942
-0.218998,0.4893427,1.755321,2012-06-18_010558014
-0.2194686,0.4894647,1.755712,2012-06-18_010558085
-0.219836,0.4895749,1.756045,2012-06-18_010558157
-0.2201363,0.4896984,1.756377,2012-06-18_010558232
-0.2204564,0.4898908,1.756857,2012-06-18_010558318
-0.2205955,0.490