-0.1854957,-0.06217292,1.739152,2012-06-18_010552306
-0.188232,-0.06012398,1.743837,2012-06-18_010552448
-0.189131,-0.05927307,1.745938,2012-06-18_010552526
-0.189541,-0.05881731,1.74707,2012-06-18_010552619
-0.1899873,-0.05833963,1.748407,2012-06-18_010552686
-0.1902178,-0.05812291,1.749104,2012-06-18_010552757
-0.1904287,-0.05796743,1.749719,2012-06-18_010552828
-0.1906214,-0.05785609,1.75028,2012-06-18_010552915
-0.1908594,-0.05773377,1.750996,2012-06-18_010552988
-0.1910127,-0.05767357,1.751468,2012-06-18_010553053
-0.1911018,-0.05763701,1.75172,2012-06-18_010553122
-0.1913598,-0.05751166,1.752481,2012-06-18_010553187
-0.1915139,-0.05740592,1.752965,2012-06-18_010553280
-0.1916607,-0.0573107,1.753409,2012-06-18_010553345
-0.1918244,-0.05720919,1.753949,2012-06-18_010553426
-0.1918845,-0.05717292,1.75424,2012-06-18_010553508
-0.1919754,-0.05718999,1.754456,2012-06-18_010553585
-0.1922824,-0.05727284,1.754597,2012-06-18_010553659
-0.1929343,-0.05741052,1.754447,2012-06-18_010553740
-0.1939336,-0.05761767,1.754092,2012-06-18_010553813
-0.1950738,-0.05787047,1.753543,2012-06-18_010553884
-0.1960286,-0.05802318,1.752941,2012-06-18_010553951
-0.1968182,-0.05811184,1.752298,2012-06-18_010554023
-0.197654,-0.05814264,1.751315,2012-06-18_010554093
-0.1980554,-0.05811521,1.750591,2012-06-18_010554180
-0.1983545,-0.05805577,1.749861,2012-06-18_010554248
-0.1985717,-0.05795819,1.74913,2012-06-18_010554318
-0.1987187,-0.05785247,1.748442,2012-06-18_010554387
-0.1988507,-0.0576725,1.747518,2012-06-18_010554457
-0.1989345,-0.05751995,1.746973,2012-06-18_010554526
-0.1990379,-0.05733191,1.746478,2012-06-18_010554610
-0.1991392,-0.05715545,1.746049,2012-06-18_010554691
-0.1993048,-0.05675925,1.745389,2012-06-18_010554756
-0.199381,-0.05647858,1.744982,2012-06-18_010554829
-0.19944,-0.05620701,1.744605,2012-06-18_010554912
-0.1994873,-0.05595993,1.744254,2012-06-18_010554984
-0.1995261,-0.0555515,1.743679,2012-06-18_010555061
-0.1995213,-0.05522237,1.743234,2012-06-18_010555150
-0.1994739,-0.05482328,1.742715,2012-06-18_010555219
-0.1993191,-0.05422477,1.742059,2012-06-18_010555288
-0.1988582,-0.05291303,1.740897,2012-06-18_010555362
-0.1983428,-0.05159073,1.740045,2012-06-18_010555447
-0.1977278,-0.04999056,1.739192,2012-06-18_010555526
-0.1965984,-0.0472094,1.738069,2012-06-18_010555607
-0.1954627,-0.04461608,1.73739,2012-06-18_010555682
-0.1942013,-0.04169299,1.736807,2012-06-18_010555750
-0.1928169,-0.03827708,1.736329,2012-06-18_010555820
-0.1907928,-0.03007888,1.73577,2012-06-18_010555910
-0.1899263,-0.02100828,1.735494,2012-06-18_010555988
-0.1887502,-0.005382992,1.735573,2012-06-18_010556073
-0.1866094,0.008621002,1.736376,2012-06-18_010556145
-0.1845008,0.02018357,1.73707,2012-06-18_010556219
-0.1821989,0.03131429,1.73779,2012-06-18_010556290
-0.181409,0.03470333,1.738034,2012-06-18_010556376
-0.1810031,0.03639191,1.738142,2012-06-18_010556456
-0.1809967,0.03617904,1.738126,2012-06-18_010556526
-0.1842797,0.02281533,1.736851,2012-06-18_010556610
-0.1867594,0.01341257,1.736085,2012-06-18_010556684
-0.1885783,0.006007955,1.735592,2012-06-18_010556753
-0.1896877,-0.001233712,1.735314,2012-06-18_010556836
-0.1900288,-0.009558162,1.735166,2012-06-18_010556922
-0.1898813,-0.01587071,1.735001,2012-06-18_010556994
-0.1897495,-0.02410815,1.734636,2012-06-18_010557084
-0.1898415,-0.02801857,1.734362,2012-06-18_010557152
-0.1899873,-0.03074077,1.734084,2012-06-18_010557225
-0.190279,-0.03338102,1.733718,2012-06-18_010557323
-0.1908571,-0.03564016,1.7333,2012-06-18_010557409
-0.191437,-0.03710793,1.732998,2012-06-18_010557483
-0.1921193,-0.03856504,1.732703,2012-06-18_010557556
-0.1927868,-0.03984269,1.732437,2012-06-18_010557626
-0.1937454,-0.04155524,1.73209,2012-06-18_010557715
-0.1942517,-0.04240797,1.731927,2012-06-18_010557789
-0.1946637,-0.04308574,1.731811,2012-06-18_010557858
-0.1951721,-0.04399842,1.731702,2012-06-18_010557942
-0.1954824,-0.04475939,1.731663,2012-06-18_010558014
-0.1957797,-0.04554247,1.731649,2012-06-18_010558085
-0.1960506,-0.04632671