-0.2522521,-0.1330287,1.722322,2012-06-18_010552306
-0.2555046,-0.1317765,1.728209,2012-06-18_010552448
-0.2564573,-0.1312052,1.730451,2012-06-18_010552526
-0.2568773,-0.130909,1.731547,2012-06-18_010552619
-0.2573035,-0.1305994,1.732789,2012-06-18_010552686
-0.2575204,-0.1304647,1.733449,2012-06-18_010552757
-0.2577187,-0.1303809,1.734037,2012-06-18_010552828
-0.2578993,-0.1303308,1.734576,2012-06-18_010552915
-0.2581092,-0.1302759,1.735278,2012-06-18_010552988
-0.2582312,-0.1302398,1.735728,2012-06-18_010553053
-0.2582985,-0.1302089,1.735959,2012-06-18_010553122
-0.2584708,-0.1301017,1.736624,2012-06-18_010553187
-0.2585665,-0.1300187,1.737016,2012-06-18_010553280
-0.2586574,-0.1299438,1.737358,2012-06-18_010553345
-0.2587461,-0.1298639,1.73776,2012-06-18_010553426
-0.2587264,-0.1298257,1.737984,2012-06-18_010553508
-0.25871,-0.1297977,1.738141,2012-06-18_010553585
-0.2587816,-0.1297145,1.73819,2012-06-18_010553659
-0.259075,-0.1295772,1.738003,2012-06-18_010553740
-0.2596364,-0.1294148,1.737606,2012-06-18_010553813
-0.2603544,-0.1292697,1.737007,2012-06-18_010553884
-0.2610037,-0.129106,1.736271,2012-06-18_010553951
-0.2615663,-0.1289628,1.735423,2012-06-18_010554023
-0.2620399,-0.1287647,1.733873,2012-06-18_010554093
-0.2621266,-0.1286275,1.732595,2012-06-18_010554180
-0.2620528,-0.128469,1.731282,2012-06-18_010554248
-0.2618658,-0.1282914,1.730002,2012-06-18_010554318
-0.261632,-0.1281467,1.728914,2012-06-18_010554387
-0.2612951,-0.127985,1.727657,2012-06-18_010554457
-0.2611384,-0.1279001,1.727058,2012-06-18_010554526
-0.2610421,-0.1278242,1.726606,2012-06-18_010554610
-0.2609757,-0.1277611,1.726248,2012-06-18_010554691
-0.2609231,-0.1276266,1.725752,2012-06-18_010554756
-0.2608846,-0.1275256,1.725443,2012-06-18_010554829
-0.2608458,-0.1274223,1.725151,2012-06-18_010554912
-0.2608045,-0.1273176,1.724864,2012-06-18_010554984
-0.2606843,-0.1270663,1.724286,2012-06-18_010555061
-0.2605674,-0.1268348,1.723815,2012-06-18_010555150
-0.2603942,-0.126535,1.723257,2012-06-18_010555219
-0.260093,-0.1260429,1.722498,2012-06-18_010555288
-0.2594394,-0.1250045,1.721173,2012-06-18_010555362
-0.2588387,-0.1240287,1.720216,2012-06-18_010555447
-0.2581295,-0.1228111,1.71922,2012-06-18_010555526
-0.2569183,-0.1207355,1.717866,2012-06-18_010555607
-0.2556767,-0.1186625,1.716843,2012-06-18_010555682
-0.2542596,-0.1162729,1.715845,2012-06-18_010555750
-0.2527241,-0.1134751,1.714858,2012-06-18_010555820
-0.2505126,-0.1060761,1.712753,2012-06-18_010555910
-0.2501722,-0.0960898,1.710492,2012-06-18_010555988
-0.2498845,-0.08077061,1.707624,2012-06-18_010556073
-0.2477479,-0.06897692,1.706257,2012-06-18_010556145
-0.2450315,-0.0592018,1.705765,2012-06-18_010556219
-0.2410723,-0.04838004,1.7053,2012-06-18_010556290
-0.2395154,-0.04501159,1.705189,2012-06-18_010556376
-0.2387009,-0.0433519,1.705179,2012-06-18_010556456
-0.238329,-0.04306259,1.705346,2012-06-18_010556526
-0.2415714,-0.05182944,1.706222,2012-06-18_010556610
-0.245462,-0.06085607,1.706682,2012-06-18_010556684
-0.2490057,-0.06906696,1.707078,2012-06-18_010556753
-0.2512571,-0.07686438,1.707638,2012-06-18_010556837
-0.2519715,-0.0858478,1.708641,2012-06-18_010556922
-0.2514901,-0.0917333,1.709486,2012-06-18_010556994
-0.2507138,-0.09883577,1.710513,2012-06-18_010557084
-0.2504484,-0.1020725,1.710945,2012-06-18_010557152
-0.2503207,-0.1042454,1.711201,2012-06-18_010557225
-0.2503805,-0.1064579,1.711409,2012-06-18_010557323
-0.2508974,-0.1084696,1.711604,2012-06-18_010557409
-0.2516073,-0.1099381,1.711792,2012-06-18_010557483
-0.2524593,-0.1113987,1.712017,2012-06-18_010557556
-0.2532924,-0.1126638,1.712216,2012-06-18_010557626
-0.254458,-0.114276,1.712467,2012-06-18_010557715
-0.2551143,-0.1151043,1.712594,2012-06-18_010557789
-0.2556801,-0.1157888,1.712701,2012-06-18_010557858
-0.2563646,-0.1166468,1.712833,2012-06-18_010557943
-0.2567438,-0.1172374,1.712912,2012-06-18_010558014
-0.2571095,-0.117824,1.712983,2012-06-18_010558085
-0.2574568,-0.1184043,1.713062,2012-06-18_010558157
-0.2577804,-0.1189872,1.7