-0.09336665,-0.4714757,1.784654,2012-06-18_010552306
-0.09493349,-0.4663891,1.785664,2012-06-18_010552448
-0.0954918,-0.4667158,1.786436,2012-06-18_010552526
-0.09583092,-0.4661309,1.786636,2012-06-18_010552619
-0.09617198,-0.4659441,1.786808,2012-06-18_010552686
-0.09633778,-0.4656156,1.786773,2012-06-18_010552757
-0.0964786,-0.4652059,1.786677,2012-06-18_010552828
-0.09666788,-0.4643047,1.786436,2012-06-18_010552915
-0.09690829,-0.4630326,1.786092,2012-06-18_010552988
-0.09698035,-0.4627514,1.786028,2012-06-18_010553053
-0.09716635,-0.4632529,1.786161,2012-06-18_010553122
-0.09756766,-0.4651012,1.786709,2012-06-18_010553187
-0.09768116,-0.4650316,1.786795,2012-06-18_010553280
-0.0977153,-0.4650342,1.786924,2012-06-18_010553345
-0.09714463,-0.4665121,1.787611,2012-06-18_010553426
-0.09606248,-0.4663975,1.787925,2012-06-18_010553508
-0.09501519,-0.4662336,1.788117,2012-06-18_010553585
-0.09580245,-0.4603464,1.786218,2012-06-18_010553659
-0.09716859,-0.4548308,1.784382,2012-06-18_010553740
-0.09814502,-0.4512441,1.783192,2012-06-18_010553813
-0.09859489,-0.45044,1.782805,2012-06-18_010553884
-0.09882534,-0.4493986,1.782466,2012-06-18_010553951
-0.09893138,-0.4484935,1.782201,2012-06-18_010554023
-0.09880741,-0.4477205,1.782017,2012-06-18_010554093
-0.09852224,-0.4472362,1.781911,2012-06-18_010554180
-0.09810732,-0.4467007,1.781795,2012-06-18_010554248
-0.09765279,-0.4461579,1.781672,2012-06-18_010554318
-0.09725661,-0.4457408,1.781564,2012-06-18_010554387
-0.09669155,-0.4452057,1.781383,2012-06-18_010554457
-0.09632285,-0.4448302,1.781223,2012-06-18_010554526
-0.09595081,-0.4444406,1.781045,2012-06-18_010554610
-0.09564403,-0.4441624,1.780896,2012-06-18_010554691
-0.09502608,-0.4430297,1.780394,2012-06-18_010554756
-0.09466442,-0.4425091,1.780134,2012-06-18_010554829
-0.09431691,-0.4420516,1.779898,2012-06-18_010554912
-0.09406663,-0.4417456,1.779713,2012-06-18_010554984
-0.09381661,-0.4411763,1.779355,2012-06-18_010555061
-0.0937236,-0.440835,1.779111,2012-06-18_010555150
-0.09366973,-0.4405131,1.778865,2012-06-18_010555219
-0.09368556,-0.4401552,1.778572,2012-06-18_010555288
-0.09378926,-0.4395704,1.778047,2012-06-18_010555362
-0.09391308,-0.4391716,1.777679,2012-06-18_010555447
-0.09402621,-0.4388077,1.77734,2012-06-18_010555526
-0.09419855,-0.4381344,1.776774,2012-06-18_010555607
-0.09430616,-0.4376397,1.776393,2012-06-18_010555682
-0.09439307,-0.436751,1.775864,2012-06-18_010555750
-0.09441186,-0.4344315,1.774897,2012-06-18_010555820
-0.09407844,-0.4263764,1.772357,2012-06-18_010555910
-0.09371127,-0.4172927,1.769943,2012-06-18_010555988
-0.09335747,-0.4040725,1.766489,2012-06-18_010556073
-0.09303182,-0.398247,1.765017,2012-06-18_010556145
-0.09272597,-0.3940649,1.76399,2012-06-18_010556219
-0.09238492,-0.3905425,1.763127,2012-06-18_010556290
-0.09225212,-0.3894274,1.762846,2012-06-18_010556376
-0.09215137,-0.3887161,1.762654,2012-06-18_010556456
-0.0920458,-0.3880973,1.762473,2012-06-18_010556526
-0.09201054,-0.3878915,1.762408,2012-06-18_010556610
-0.09200395,-0.3878768,1.762409,2012-06-18_010556684
-0.09224233,-0.3908501,1.76334,2012-06-18_010556753
-0.09267326,-0.3971453,1.765121,2012-06-18_010556837
-0.09399922,-0.4099874,1.768173,2012-06-18_010556922
-0.09481154,-0.4162408,1.769599,2012-06-18_010556994
-0.0959564,-0.4230245,1.770995,2012-06-18_010557084
-0.09640197,-0.4254056,1.771409,2012-06-18_010557152
-0.09668256,-0.4269098,1.771608,2012-06-18_010557225
-0.09694213,-0.428271,1.77168,2012-06-18_010557323
-0.09706333,-0.4294439,1.771545,2012-06-18_010557409
-0.09707399,-0.4300716,1.7714,2012-06-18_010557483
-0.09703803,-0.4305523,1.771253,2012-06-18_010557556
-0.09698292,-0.4309239,1.771115,2012-06-18_010557626
-0.09689143,-0.4313158,1.770949,2012-06-18_010557715
-0.09683247,-0.4314836,1.770867,2012-06-18_010557789
-0.09678178,-0.4316205,1.770803,2012-06-18_010557858
-0.09671528,-0.431811,1.770733,2012-06-18_010557943
-0.09667305,-0.4319367,1.770699,2012-06-18_010558014
-0.09662765,-0.4320616,1.770674,2012-06-18_010558085
-0.09657051