-0.2969804,-0.4725105,1.74966,2012-06-18_010552306
-0.2980884,-0.4714096,1.752126,2012-06-18_010552448
-0.297976,-0.4679992,1.753369,2012-06-18_010552526
-0.2978129,-0.4666453,1.754037,2012-06-18_010552619
-0.297668,-0.4657351,1.754694,2012-06-18_010552686
-0.2976081,-0.46547,1.754977,2012-06-18_010552757
-0.2975037,-0.4655204,1.755321,2012-06-18_010552828
-0.2973709,-0.4658041,1.755703,2012-06-18_010552915
-0.2971855,-0.4663821,1.756237,2012-06-18_010552988
-0.2970767,-0.466803,1.756564,2012-06-18_010553053
-0.2970365,-0.4670079,1.756721,2012-06-18_010553122
-0.2969869,-0.4676667,1.757203,2012-06-18_010553187
-0.2969678,-0.4680388,1.757474,2012-06-18_010553280
-0.2969584,-0.4683465,1.757699,2012-06-18_010553345
-0.2969665,-0.4687273,1.757968,2012-06-18_010553426
-0.296997,-0.4690107,1.758144,2012-06-18_010553508
-0.2970354,-0.4692486,1.758288,2012-06-18_010553585
-0.2973053,-0.4648432,1.75683,2012-06-18_010553659
-0.2975718,-0.4630968,1.756066,2012-06-18_010553740
-0.2977471,-0.4624112,1.755633,2012-06-18_010553813
-0.2979011,-0.4621951,1.755248,2012-06-18_010553884
-0.2980425,-0.4623729,1.754799,2012-06-18_010553951
-0.2981479,-0.4628448,1.754271,2012-06-18_010554023
-0.2981393,-0.4638804,1.753278,2012-06-18_010554093
-0.2976015,-0.4618131,1.750364,2012-06-18_010554180
-0.2970228,-0.4604662,1.747773,2012-06-18_010554248
-0.2966911,-0.4600744,1.746205,2012-06-18_010554318
-0.2964148,-0.4603194,1.745207,2012-06-18_010554387
-0.2960928,-0.4611198,1.744335,2012-06-18_010554457
-0.2959624,-0.4617793,1.744012,2012-06-18_010554526
-0.2957979,-0.4606376,1.74308,2012-06-18_010554610
-0.2957301,-0.4605644,1.742762,2012-06-18_010554691
-0.2956645,-0.4607623,1.742464,2012-06-18_010554756
-0.295639,-0.4610196,1.74232,2012-06-18_010554829
-0.295566,-0.4604638,1.741624,2012-06-18_010554912
-0.2955279,-0.4601411,1.741041,2012-06-18_010554984
-0.2954934,-0.4601403,1.740481,2012-06-18_010555061
-0.295465,-0.4604045,1.740174,2012-06-18_010555150
-0.2953296,-0.4594291,1.739105,2012-06-18_010555219
-0.2950354,-0.4571547,1.737394,2012-06-18_010555288
-0.2947346,-0.4561051,1.736311,2012-06-18_010555362
-0.2945695,-0.455968,1.735949,2012-06-18_010555447
-0.2941343,-0.4546451,1.734962,2012-06-18_010555526
-0.2936608,-0.4537311,1.734216,2012-06-18_010555607
-0.2929063,-0.4519848,1.73334,2012-06-18_010555682
-0.2924952,-0.45155,1.733075,2012-06-18_010555750
-0.2921618,-0.4513634,1.73295,2012-06-18_010555820
-0.2895629,-0.4418319,1.73061,2012-06-18_010555910
-0.2863848,-0.4295921,1.727806,2012-06-18_010555988
-0.283382,-0.4177641,1.725223,2012-06-18_010556073
-0.2822507,-0.4135361,1.724385,2012-06-18_010556145
-0.2803622,-0.4064066,1.723137,2012-06-18_010556219
-0.2784512,-0.3987115,1.721731,2012-06-18_010556290
-0.2778994,-0.3962506,1.721274,2012-06-18_010556376
-0.2776624,-0.3949559,1.721034,2012-06-18_010556456
-0.2775101,-0.3938774,1.720812,2012-06-18_010556526
-0.2796619,-0.4023324,1.722738,2012-06-18_010556610
-0.2819172,-0.4125612,1.725207,2012-06-18_010556684
-0.2833555,-0.4190449,1.726696,2012-06-18_010556753
-0.285366,-0.4281251,1.728667,2012-06-18_010556837
-0.2878422,-0.4387074,1.730853,2012-06-18_010556922
-0.2889027,-0.4433294,1.731768,2012-06-18_010556994
-0.2898795,-0.4467666,1.732284,2012-06-18_010557084
-0.2902286,-0.4461849,1.73172,2012-06-18_010557152
-0.2904785,-0.446104,1.731477,2012-06-18_010557225
-0.2908684,-0.4465894,1.731403,2012-06-18_010557323
-0.2912511,-0.4468209,1.731321,2012-06-18_010557409
-0.2914647,-0.4470725,1.731325,2012-06-18_010557483
-0.2917027,-0.4472218,1.731331,2012-06-18_010557556
-0.2919235,-0.4474953,1.731416,2012-06-18_010557626
-0.2921245,-0.4475604,1.731469,2012-06-18_010557715
-0.2923719,-0.4487182,1.73197,2012-06-18_010557789
-0.292596,-0.449642,1.732383,2012-06-18_010557858
-0.2932007,-0.4529118,1.733748,2012-06-18_010557943
-0.2935655,-0.4550346,1.734653,2012-06-18_010558014
-0.293904,-0.4568204,1.735413,2012-06-18_010558085
-0.2941546,-0.4576991,1.735841,2012-06-18_010558157
-0.2942652,-0.4580553,1.736039,2012-06-18_