-0.213527,0.3260088,1.784904,2012-06-18_010552306
-0.2151677,0.3227096,1.786723,2012-06-18_010552448
-0.215872,0.3210617,1.787869,2012-06-18_010552526
-0.2162102,0.3200877,1.788739,2012-06-18_010552619
-0.216815,0.3186907,1.790295,2012-06-18_010552686
-0.2172472,0.3178555,1.791388,2012-06-18_010552757
-0.217646,0.3171202,1.792505,2012-06-18_010552828
-0.2179605,0.3165088,1.793537,2012-06-18_010552915
-0.2183517,0.3158617,1.794867,2012-06-18_010552988
-0.2185591,0.3155659,1.795718,2012-06-18_010553053
-0.2186508,0.3154541,1.796147,2012-06-18_010553122
-0.2190148,0.3152586,1.797576,2012-06-18_010553187
-0.2192209,0.3152176,1.798453,2012-06-18_010553280
-0.2193946,0.3152092,1.799195,2012-06-18_010553345
-0.2196415,0.3152363,1.800109,2012-06-18_010553426
-0.2198463,0.3153038,1.800632,2012-06-18_010553508
-0.2201846,0.3154151,1.801182,2012-06-18_010553585
-0.2207666,0.3156182,1.801922,2012-06-18_010553659
-0.2216365,0.3158392,1.80252,2012-06-18_010553740
-0.2228131,0.3161477,1.803169,2012-06-18_010553813
-0.2242323,0.3165023,1.803755,2012-06-18_010553884
-0.225759,0.316958,1.804274,2012-06-18_010553951
-0.2273554,0.3173939,1.804686,2012-06-18_010554023
-0.2303023,0.3180069,1.805168,2012-06-18_010554093
-0.2322462,0.3183929,1.805387,2012-06-18_010554180
-0.2340265,0.3187337,1.805563,2012-06-18_010554248
-0.2357327,0.3190655,1.80571,2012-06-18_010554318
-0.237121,0.3193314,1.805797,2012-06-18_010554387
-0.2387016,0.3196281,1.805842,2012-06-18_010554457
-0.2396306,0.3197973,1.805823,2012-06-18_010554526
-0.2404283,0.3199396,1.805785,2012-06-18_010554610
-0.2411284,0.3200489,1.805736,2012-06-18_010554691
-0.2419815,0.3201765,1.805639,2012-06-18_010554756
-0.2424141,0.3202404,1.805579,2012-06-18_010554829
-0.2427736,0.3203005,1.805517,2012-06-18_010554912
-0.2430862,0.3203616,1.805452,2012-06-18_010554984
-0.2434808,0.3204683,1.805347,2012-06-18_010555061
-0.2437446,0.3205566,1.805246,2012-06-18_010555150
-0.2440065,0.3206689,1.805104,2012-06-18_010555219
-0.2442105,0.3208016,1.804926,2012-06-18_010555288
-0.2443675,0.3210781,1.804505,2012-06-18_010555362
-0.2443783,0.3213348,1.804132,2012-06-18_010555447
-0.244348,0.321638,1.803704,2012-06-18_010555526
-0.2442362,0.3221727,1.802954,2012-06-18_010555607
-0.2441472,0.3225034,1.802501,2012-06-18_010555682
-0.2440688,0.3228236,1.802056,2012-06-18_010555750
-0.2440023,0.3231157,1.801653,2012-06-18_010555820
-0.2439442,0.3235013,1.801104,2012-06-18_010555910
-0.2438789,0.3237305,1.800768,2012-06-18_010555988
-0.2437409,0.3240414,1.800286,2012-06-18_010556073
-0.2436364,0.3242732,1.799931,2012-06-18_010556145
-0.2434999,0.3246417,1.799506,2012-06-18_010556219
-0.2434236,0.3256605,1.798839,2012-06-18_010556290
-0.2443389,0.3264987,1.798394,2012-06-18_010556376
-0.2397311,0.3351528,1.797323,2012-06-18_010556456
-0.2391003,0.3376718,1.79678,2012-06-18_010556526
-0.2397213,0.3377032,1.796511,2012-06-18_010556610
-0.2405654,0.3368993,1.796314,2012-06-18_010556684
-0.2410968,0.3357903,1.796216,2012-06-18_010556753
-0.2414483,0.3345954,1.796244,2012-06-18_010556836
-0.2417645,0.3330948,1.796337,2012-06-18_010556922
-0.2418983,0.3323526,1.796407,2012-06-18_010556994
-0.2419952,0.3314985,1.796504,2012-06-18_010557084
-0.242002,0.3310262,1.796555,2012-06-18_010557152
-0.2419588,0.3306158,1.796585,2012-06-18_010557225
-0.2418413,0.3301133,1.796618,2012-06-18_010557323
-0.2417033,0.329723,1.796634,2012-06-18_010557409
-0.2416197,0.3294926,1.796633,2012-06-18_010557483
-0.2415339,0.3292787,1.796616,2012-06-18_010557556
-0.2414493,0.3290822,1.796584,2012-06-18_010557626
-0.2413002,0.3287734,1.796496,2012-06-18_010557715
-0.2411851,0.3285654,1.796423,2012-06-18_010557789
-0.2410566,0.3283525,1.796347,2012-06-18_010557858
-0.2408303,0.3280448,1.796251,2012-06-18_010557942
-0.2406674,0.3278547,1.796202,2012-06-18_010558014
-0.2404799,0.3276711,1.796169,2012-06-18_010558085
-0.2402331,0.3274831,1.796165,2012-06-18_010558157
-0.2399787,0.3273045,1.796176,2012-06-18_010558232
-0.2396403,0.3270663,1.796222,2012-06-18_010558318
-0