-0.3586067,0.2084957,1.741975,2012-06-18_010552306
-0.3613005,0.2085426,1.748226,2012-06-18_010552448
-0.3622114,0.2087463,1.75066,2012-06-18_010552526
-0.3627411,0.2088595,1.752257,2012-06-18_010552619
-0.3633707,0.2088492,1.754429,2012-06-18_010552686
-0.3638499,0.2087429,1.755927,2012-06-18_010552757
-0.3643638,0.2085127,1.757417,2012-06-18_010552828
-0.3648135,0.2082736,1.758725,2012-06-18_010552915
-0.3652732,0.207994,1.760189,2012-06-18_010552988
-0.3654436,0.2078339,1.760968,2012-06-18_010553053
-0.3655144,0.2077752,1.761353,2012-06-18_010553122
-0.3656929,0.2076437,1.762447,2012-06-18_010553187
-0.3658138,0.2076081,1.763142,2012-06-18_010553280
-0.3659171,0.2075739,1.763718,2012-06-18_010553345
-0.3660818,0.2075399,1.764436,2012-06-18_010553426
-0.3661917,0.207568,1.764852,2012-06-18_010553508
-0.3662826,0.2076136,1.765176,2012-06-18_010553585
-0.3663372,0.2076371,1.765385,2012-06-18_010553659
-0.3663524,0.2076397,1.765404,2012-06-18_010553740
-0.366351,0.207591,1.765171,2012-06-18_010553813
-0.3663957,0.2074968,1.764563,2012-06-18_010553884
-0.3666121,0.2073895,1.763551,2012-06-18_010553951
-0.3670656,0.2072879,1.762158,2012-06-18_010554023
-0.3679205,0.2070059,1.759453,2012-06-18_010554093
-0.3684292,0.2066914,1.757463,2012-06-18_010554180
-0.3688335,0.2063388,1.755564,2012-06-18_010554248
-0.3692572,0.205982,1.753969,2012-06-18_010554318
-0.3696589,0.2056006,1.752576,2012-06-18_010554387
-0.3701869,0.2050627,1.750971,2012-06-18_010554457
-0.3704951,0.2047579,1.750168,2012-06-18_010554526
-0.3708658,0.2045196,1.74952,2012-06-18_010554610
-0.3711752,0.2042986,1.748947,2012-06-18_010554691
-0.3716044,0.2040195,1.748198,2012-06-18_010554756
-0.3718119,0.2038627,1.747701,2012-06-18_010554829
-0.3719474,0.2037241,1.747199,2012-06-18_010554912
-0.3720031,0.2035862,1.746665,2012-06-18_010554984
-0.3719717,0.203412,1.745866,2012-06-18_010555061
-0.3718829,0.2033163,1.74533,2012-06-18_010555150
-0.3717053,0.2032437,1.744755,2012-06-18_010555219
-0.3713887,0.203189,1.744091,2012-06-18_010555288
-0.3708164,0.203182,1.743092,2012-06-18_010555362
-0.3703847,0.2032264,1.742449,2012-06-18_010555447
-0.3699444,0.2033075,1.741855,2012-06-18_010555526
-0.3693599,0.2035077,1.741098,2012-06-18_010555607
-0.3689871,0.20366,1.740656,2012-06-18_010555682
-0.3686238,0.2038242,1.740246,2012-06-18_010555750
-0.3681865,0.2040516,1.739814,2012-06-18_010555820
-0.3674758,0.2047459,1.739218,2012-06-18_010555910
-0.366785,0.2056363,1.738859,2012-06-18_010555988
-0.364051,0.2073533,1.737937,2012-06-18_010556073
-0.3592589,0.2083534,1.736741,2012-06-18_010556145
-0.3545776,0.2088962,1.735724,2012-06-18_010556219
-0.3496412,0.2097338,1.73521,2012-06-18_010556290
-0.3473607,0.2099977,1.735012,2012-06-18_010556376
-0.3459323,0.2101181,1.734893,2012-06-18_010556456
-0.3450219,0.2101541,1.734792,2012-06-18_010556526
-0.3448834,0.2101139,1.734738,2012-06-18_010556609
-0.3457214,0.2101672,1.734768,2012-06-18_010556684
-0.3482037,0.2105783,1.735156,2012-06-18_010556753
-0.350626,0.2109632,1.735569,2012-06-18_010556836
-0.3536778,0.2112991,1.73612,2012-06-18_010556922
-0.3550555,0.2113821,1.736349,2012-06-18_010556994
-0.3563546,0.2112993,1.736485,2012-06-18_010557084
-0.3569069,0.2111654,1.736507,2012-06-18_010557152
-0.3572964,0.2110159,1.736509,2012-06-18_010557225
-0.3577887,0.2107517,1.736525,2012-06-18_010557323
-0.3583419,0.2104302,1.736611,2012-06-18_010557409
-0.3588233,0.2101458,1.736716,2012-06-18_010557483
-0.3594646,0.209847,1.736909,2012-06-18_010557556
-0.3601928,0.2095734,1.737162,2012-06-18_010557626
-0.3611502,0.2092276,1.737507,2012-06-18_010557715
-0.3617839,0.2089807,1.73774,2012-06-18_010557789
-0.3625854,0.2087732,1.738074,2012-06-18_010557858
-0.363665,0.2085326,1.738564,2012-06-18_010557942
-0.3642803,0.2084075,1.738877,2012-06-18_010558014
-0.3648729,0.2083331,1.739226,2012-06-18_010558085
-0.3654168,0.2083047,1.739588,2012-06-18_010558157
-0.3659934,0.2083433,1.740014,2012-06-18_010558232
-0.3666696,0.2084194,1.740584,2012-06-18_010558318
-0.367043