-0.04401449,0.2125187,1.784602,2012-06-18_010552306
-0.04456627,0.2122174,1.786325,2012-06-18_010552448
-0.04479409,0.2120597,1.78801,2012-06-18_010552526
-0.0449568,0.212021,1.789454,2012-06-18_010552619
-0.04524045,0.2120192,1.791712,2012-06-18_010552686
-0.04546064,0.2120498,1.79321,2012-06-18_010552757
-0.04571097,0.2121319,1.794622,2012-06-18_010552828
-0.0459606,0.212219,1.795863,2012-06-18_010552915
-0.0464305,0.2125506,1.797771,2012-06-18_010552988
-0.04672701,0.212754,1.798846,2012-06-18_010553053
-0.04687472,0.2128343,1.799302,2012-06-18_010553122
-0.04725153,0.2130429,1.800487,2012-06-18_010553187
-0.04746563,0.2131663,1.80118,2012-06-18_010553280
-0.0476389,0.2132557,1.801803,2012-06-18_010553345
-0.04788132,0.2133342,1.802551,2012-06-18_010553426
-0.04814766,0.2133868,1.803013,2012-06-18_010553508
-0.04865452,0.2134857,1.803553,2012-06-18_010553585
-0.05061014,0.2143277,1.80499,2012-06-18_010553659
-0.05306574,0.2151974,1.805968,2012-06-18_010553740
-0.0553964,0.2161336,1.806941,2012-06-18_010553813
-0.05740925,0.2166333,1.807592,2012-06-18_010553884
-0.0592409,0.2172505,1.80831,2012-06-18_010553951
-0.06059674,0.2177106,1.808833,2012-06-18_010554023
-0.06285578,0.2193606,1.809896,2012-06-18_010554093
-0.06465777,0.2211686,1.810687,2012-06-18_010554180
-0.0662836,0.2229265,1.811255,2012-06-18_010554247
-0.0677603,0.2244545,1.811529,2012-06-18_010554318
-0.06906158,0.2258388,1.811529,2012-06-18_010554387
-0.0703909,0.2274509,1.811325,2012-06-18_010554457
-0.07092509,0.2283674,1.811098,2012-06-18_010554526
-0.07130325,0.2292591,1.810798,2012-06-18_010554610
-0.07157698,0.2301338,1.81044,2012-06-18_010554691
-0.07178138,0.2316649,1.809831,2012-06-18_010554756
-0.07177421,0.2326473,1.809459,2012-06-18_010554829
-0.07170246,0.2335861,1.809098,2012-06-18_010554911
-0.07158725,0.2345249,1.808727,2012-06-18_010554984
-0.07147384,0.2362062,1.808018,2012-06-18_010555061
-0.07135055,0.2376958,1.80747,2012-06-18_010555150
-0.07119393,0.2395833,1.806952,2012-06-18_010555219
-0.0708954,0.2421153,1.806574,2012-06-18_010555288
-0.07039209,0.246945,1.806368,2012-06-18_010555362
-0.06992153,0.2520903,1.806522,2012-06-18_010555447
-0.06957351,0.2564171,1.806725,2012-06-18_010555526
-0.0692622,0.2609583,1.807056,2012-06-18_010555607
-0.06920774,0.2649624,1.807599,2012-06-18_010555682
-0.06930061,0.2699271,1.80847,2012-06-18_010555750
-0.06933679,0.2758515,1.809598,2012-06-18_010555820
-0.06893554,0.2869343,1.811111,2012-06-18_010555910
-0.06861923,0.293815,1.811945,2012-06-18_010555988
-0.06815074,0.3079734,1.814624,2012-06-18_010556073
-0.06749433,0.3281109,1.817281,2012-06-18_010556145
-0.0672012,0.3448236,1.818128,2012-06-18_010556219
-0.06682771,0.3571356,1.818039,2012-06-18_010556290
-0.06672433,0.3606428,1.817886,2012-06-18_010556376
-0.06670821,0.3623916,1.817804,2012-06-18_010556456
-0.06755455,0.3590521,1.817698,2012-06-18_010556526
-0.0718426,0.3359787,1.816719,2012-06-18_010556609
-0.07320032,0.324845,1.816475,2012-06-18_010556684
-0.07304288,0.3170755,1.815855,2012-06-18_010556753
-0.071893,0.3111735,1.814921,2012-06-18_010556836
-0.06941752,0.3043577,1.813443,2012-06-18_010556922
-0.06767657,0.2980258,1.812188,2012-06-18_010556994
-0.06590216,0.2884693,1.8105,2012-06-18_010557084
-0.06529063,0.2828178,1.809387,2012-06-18_010557152
-0.06510891,0.2784093,1.808283,2012-06-18_010557225
-0.06519955,0.2733862,1.80638,2012-06-18_010557323
-0.06542201,0.2673397,1.80352,2012-06-18_010557409
-0.06543491,0.2637945,1.801659,2012-06-18_010557483
-0.06554323,0.2604397,1.799772,2012-06-18_010557556
-0.06572975,0.2576182,1.7982,2012-06-18_010557626
-0.06598658,0.2538849,1.796395,2012-06-18_010557715
-0.06605599,0.2521699,1.79572,2012-06-18_010557789
-0.06608546,0.2508631,1.795339,2012-06-18_010557858
-0.06623627,0.2488819,1.795016,2012-06-18_010557942
-0.06651337,0.2469904,1.794806,2012-06-18_010558014
-0.06686364,0.2446143,1.794548,2012-06-18_010558085
-0.06708511,0.2420989,1.79436,2012-06-18_010558157
-0.06717986,0.239688,1.79423,2012-06-18_010558232
-