-0.1958798,-0.005363811,1.789904,2012-06-18_010552306
-0.1979282,-0.003977288,1.793686,2012-06-18_010552448
-0.1987383,-0.003369288,1.795628,2012-06-18_010552526
-0.199132,-0.003045548,1.796742,2012-06-18_010552619
-0.1996048,-0.002739483,1.798141,2012-06-18_010552686
-0.1998619,-0.002627806,1.798904,2012-06-18_010552757
-0.2000954,-0.002574625,1.799595,2012-06-18_010552828
-0.2003033,-0.002560213,1.800225,2012-06-18_010552915
-0.2005836,-0.002565318,1.801029,2012-06-18_010552988
-0.2007642,-0.002582554,1.801554,2012-06-18_010553053
-0.20086,-0.002584296,1.801827,2012-06-18_010553122
-0.2011402,-0.002569975,1.802653,2012-06-18_010553187
-0.2013026,-0.002531817,1.803168,2012-06-18_010553280
-0.2014583,-0.002493587,1.803631,2012-06-18_010553345
-0.2016363,-0.002456996,1.804186,2012-06-18_010553426
-0.2017177,-0.002446544,1.804476,2012-06-18_010553508
-0.2018428,-0.002480703,1.804707,2012-06-18_010553585
-0.202273,-0.002598717,1.804907,2012-06-18_010553659
-0.2031108,-0.002789065,1.804834,2012-06-18_010553740
-0.2044247,-0.003065059,1.804571,2012-06-18_010553813
-0.2059317,-0.003389606,1.804116,2012-06-18_010553884
-0.2072835,-0.003617509,1.803585,2012-06-18_010553951
-0.2084447,-0.003782092,1.803009,2012-06-18_010554023
-0.2098578,-0.003946798,1.802111,2012-06-18_010554093
-0.2106515,-0.004016708,1.801461,2012-06-18_010554180
-0.2113192,-0.00405731,1.800826,2012-06-18_010554248
-0.2118679,-0.004063683,1.800214,2012-06-18_010554318
-0.2123029,-0.004054592,1.799651,2012-06-18_010554387
-0.2127954,-0.004005665,1.798898,2012-06-18_010554457
-0.2130842,-0.00392995,1.798434,2012-06-18_010554526
-0.2133619,-0.003814852,1.798004,2012-06-18_010554610
-0.2136131,-0.003700242,1.797619,2012-06-18_010554691
-0.2139652,-0.003439095,1.797041,2012-06-18_010554756
-0.214153,-0.003255663,1.79669,2012-06-18_010554829
-0.2143141,-0.003072916,1.79636,2012-06-18_010554912
-0.2144547,-0.002901355,1.796048,2012-06-18_010554984
-0.2146179,-0.002612927,1.795547,2012-06-18_010555061
-0.2146954,-0.002376122,1.79516,2012-06-18_010555150
-0.2147405,-0.002078885,1.794697,2012-06-18_010555219
-0.2147045,-0.001630503,1.794109,2012-06-18_010555288
-0.2144368,-0.0006003684,1.793016,2012-06-18_010555362
-0.214059,0.0004447795,1.792191,2012-06-18_010555447
-0.213585,0.001717177,1.791345,2012-06-18_010555526
-0.2126947,0.003955501,1.790171,2012-06-18_010555607
-0.2118229,0.005930382,1.78945,2012-06-18_010555682
-0.2108564,0.008171965,1.78879,2012-06-18_010555750
-0.2097909,0.01078721,1.78821,2012-06-18_010555820
-0.2080909,0.01687516,1.787434,2012-06-18_010555910
-0.2070582,0.02360978,1.786987,2012-06-18_010555988
-0.205715,0.03585405,1.786667,2012-06-18_010556073
-0.2038784,0.04700372,1.786968,2012-06-18_010556145
-0.2017512,0.05723593,1.78737,2012-06-18_010556219
-0.1993012,0.06765904,1.787957,2012-06-18_010556290
-0.1984957,0.07091001,1.788175,2012-06-18_010556376
-0.1980121,0.0727709,1.788276,2012-06-18_010556456
-0.1979308,0.07343939,1.788283,2012-06-18_010556526
-0.2008505,0.06557409,1.787388,2012-06-18_010556610
-0.2034328,0.05821976,1.786682,2012-06-18_010556684
-0.2051529,0.05186113,1.786208,2012-06-18_010556753
-0.2061635,0.04547594,1.785972,2012-06-18_010556836
-0.2065204,0.0381605,1.785846,2012-06-18_010556922
-0.2065108,0.03301111,1.785715,2012-06-18_010556994
-0.2065042,0.02612313,1.785404,2012-06-18_010557084
-0.2065801,0.02269753,1.785155,2012-06-18_010557152
-0.2066558,0.02025379,1.784899,2012-06-18_010557225
-0.2067576,0.01786347,1.784579,2012-06-18_010557323
-0.2069754,0.01595069,1.784252,2012-06-18_010557409
-0.2072372,0.01474105,1.784024,2012-06-18_010557483
-0.2075499,0.01356468,1.783801,2012-06-18_010557556
-0.2078718,0.0125217,1.783592,2012-06-18_010557626
-0.2083905,0.01108108,1.783296,2012-06-18_010557715
-0.2086878,0.01033071,1.783146,2012-06-18_010557789
-0.2089373,0.009715646,1.783033,2012-06-18_010557858
-0.2092537,0.008889406,1.782923,2012-06-18_010557942
-0.2094451,0.008241438,1.78288,2012-06-18_010558014
-0.2096196,0.007590322,1.782864,2012-06-18_0105580