0.0122352,-0.2355657,1.75798,2012-06-18_010552306
0.01189328,-0.2346353,1.760816,2012-06-18_010552448
0.011844,-0.2340793,1.763189,2012-06-18_010552526
0.01188881,-0.2337504,1.764554,2012-06-18_010552619
0.01202026,-0.2334003,1.766089,2012-06-18_010552686
0.01210882,-0.2332203,1.766809,2012-06-18_010552757
0.0122133,-0.2330753,1.767365,2012-06-18_010552828
0.01231578,-0.2329529,1.767809,2012-06-18_010552915
0.01244588,-0.2328077,1.768354,2012-06-18_010552988
0.01250827,-0.2327107,1.768664,2012-06-18_010553053
0.0125341,-0.2326517,1.768809,2012-06-18_010553122
0.01258435,-0.2324838,1.769223,2012-06-18_010553187
0.01259449,-0.2323777,1.769481,2012-06-18_010553280
0.01258764,-0.2322991,1.769702,2012-06-18_010553345
0.01259112,-0.2322634,1.769887,2012-06-18_010553426
0.01499933,-0.234649,1.770009,2012-06-18_010553508
0.04068882,-0.255652,1.768576,2012-06-18_010553585
0.1442666,-0.2562475,1.775893,2012-06-18_010553659
0.2036474,-0.2330731,1.783928,2012-06-18_010553740
0.2640321,-0.1852174,1.796486,2012-06-18_010553813
0.2912696,-0.1421622,1.804981,2012-06-18_010553884
0.2909988,-0.07970929,1.812206,2012-06-18_010553951
0.2896983,-0.05216546,1.814399,2012-06-18_010554023
0.3135806,-0.02953362,1.813561,2012-06-18_010554093
0.318252,0.005891613,1.811891,2012-06-18_010554180
0.3225247,0.02447281,1.809392,2012-06-18_010554247
0.3277055,0.04247888,1.805784,2012-06-18_010554318
0.3355922,0.07082202,1.801849,2012-06-18_010554387
0.3434945,0.1046624,1.799874,2012-06-18_010554457
0.3476907,0.1309832,1.799591,2012-06-18_010554526
0.3496369,0.146802,1.799683,2012-06-18_010554610
0.3507158,0.1632162,1.798556,2012-06-18_010554691
0.3762043,0.1921581,1.795745,2012-06-18_010554756
0.3854655,0.2058557,1.79433,2012-06-18_010554829
0.388177,0.2277837,1.792265,2012-06-18_010554911
0.3832207,0.2584048,1.789625,2012-06-18_010554984
0.3765419,0.3033218,1.786328,2012-06-18_010555061
0.3805799,0.3647024,1.781152,2012-06-18_010555150
0.3615877,0.4055053,1.775399,2012-06-18_010555219
0.3560393,0.4345605,1.771465,2012-06-18_010555288
0.3324046,0.4775332,1.76503,2012-06-18_010555362
0.3251252,0.5081341,1.763126,2012-06-18_010555447
0.3174565,0.5359619,1.76083,2012-06-18_010555526
0.2966422,0.5987821,1.756525,2012-06-18_010555607
0.2393353,0.6142585,1.752092,2012-06-18_010555682
0.202676,0.6204026,1.749928,2012-06-18_010555750
0.1786332,0.6373345,1.748274,2012-06-18_010555820
0.1421712,0.6756327,1.745232,2012-06-18_010555910
0.111323,0.7043132,1.739323,2012-06-18_010555988
0.05165117,0.736033,1.734849,2012-06-18_010556073
0.03373035,0.7361416,1.73271,2012-06-18_010556145
-0.009971972,0.7341399,1.718701,2012-06-18_010556219
-0.0471321,0.7331278,1.705245,2012-06-18_010556290
-0.0554562,0.7331645,1.702346,2012-06-18_010556376
-0.0844145,0.7255757,1.700486,2012-06-18_010556456
0.0004475722,0.7325653,1.723221,2012-06-18_010556526
0.04185072,0.723657,1.732545,2012-06-18_010556609
0.07074263,0.7180988,1.73801,2012-06-18_010556684
0.123363,0.702528,1.740313,2012-06-18_010556753
0.1455859,0.6906292,1.744143,2012-06-18_010556836
0.1849742,0.657715,1.753175,2012-06-18_010556921
0.2150119,0.6243134,1.759001,2012-06-18_010556993
0.2800929,0.5787219,1.761648,2012-06-18_010557084
0.3070199,0.5459875,1.763581,2012-06-18_010557152
0.3253436,0.5319464,1.764734,2012-06-18_010557225
0.3497752,0.4926521,1.767113,2012-06-18_010557323
0.3293941,0.406332,1.771032,2012-06-18_010557409
0.3637665,0.360403,1.777035,2012-06-18_010557483
0.377792,0.3260247,1.778247,2012-06-18_010557556
0.3710783,0.2769101,1.775128,2012-06-18_010557626
0.3757941,0.2231584,1.771584,2012-06-18_010557715
0.38609,0.1855818,1.769501,2012-06-18_010557789
0.3864512,0.143088,1.767471,2012-06-18_010557858
0.3800482,0.07038745,1.763029,2012-06-18_010557942
0.3584091,0.03899018,1.759262,2012-06-18_010558014
0.3405988,0.01760565,1.75794,2012-06-18_010558085
0.3261443,-0.02110975,1.756888,2012-06-18_010558157
0.3111184,-0.05262315,1.755903,2012-06-18_010558232
0.2715904,-0.11291,1.754645,2012-06-18_010558318
0.2543565,-0.1528469,1.754358