-0.3933381,-0.2294709,1.692746,2012-06-18_010552306
-0.3929087,-0.2301285,1.699114,2012-06-18_010552448
-0.3931205,-0.2303536,1.701064,2012-06-18_010552526
-0.3932468,-0.2303001,1.701935,2012-06-18_010552619
-0.3933951,-0.2302294,1.70278,2012-06-18_010552686
-0.3934701,-0.2302005,1.703122,2012-06-18_010552757
-0.3935305,-0.2301765,1.70337,2012-06-18_010552828
-0.3935772,-0.2301567,1.703555,2012-06-18_010552915
-0.3936262,-0.2301516,1.703759,2012-06-18_010552988
-0.3936512,-0.2301267,1.703886,2012-06-18_010553053
-0.3936605,-0.2300971,1.703958,2012-06-18_010553122
-0.3936794,-0.2300009,1.704183,2012-06-18_010553187
-0.3936931,-0.2299346,1.704338,2012-06-18_010553280
-0.39371,-0.2298846,1.704479,2012-06-18_010553345
-0.3937126,-0.22984,1.704592,2012-06-18_010553426
-0.3936733,-0.2298073,1.704565,2012-06-18_010553508
-0.3935267,-0.2297698,1.704087,2012-06-18_010553585
-0.3927638,-0.2294961,1.700683,2012-06-18_010553659
-0.3921585,-0.2289565,1.697292,2012-06-18_010553740
-0.3914781,-0.2283298,1.693129,2012-06-18_010553813
-0.3906486,-0.2278702,1.688753,2012-06-18_010553884
-0.3896352,-0.2274282,1.684346,2012-06-18_010553951
-0.3885814,-0.2271865,1.680376,2012-06-18_010554023
-0.386672,-0.2268628,1.674927,2012-06-18_010554093
-0.3852869,-0.2264552,1.671459,2012-06-18_010554180
-0.384023,-0.2258884,1.668641,2012-06-18_010554247
-0.3828175,-0.2251671,1.666304,2012-06-18_010554318
-0.3817841,-0.2245935,1.664458,2012-06-18_010554387
-0.3806902,-0.2240637,1.662638,2012-06-18_010554457
-0.3802222,-0.2238201,1.661891,2012-06-18_010554526
-0.3798855,-0.223628,1.661354,2012-06-18_010554610
-0.3796285,-0.2234858,1.660938,2012-06-18_010554691
-0.3792629,-0.2232659,1.660306,2012-06-18_010554756
-0.3789461,-0.2231519,1.659629,2012-06-18_010554829
-0.3785229,-0.2231381,1.658599,2012-06-18_010554911
-0.3780157,-0.2231334,1.657355,2012-06-18_010554984
-0.3773131,-0.2231072,1.65557,2012-06-18_010555061
-0.3768898,-0.2230976,1.65456,2012-06-18_010555150
-0.3765159,-0.2231037,1.653707,2012-06-18_010555219
-0.3761922,-0.2231119,1.652974,2012-06-18_010555288
-0.3755612,-0.2233132,1.651816,2012-06-18_010555362
-0.3750884,-0.223456,1.6511,2012-06-18_010555447
-0.3744768,-0.2231861,1.650448,2012-06-18_010555526
-0.3732875,-0.2221887,1.649601,2012-06-18_010555607
-0.3724171,-0.2213374,1.649146,2012-06-18_010555682
-0.3715529,-0.2204643,1.648788,2012-06-18_010555750
-0.3705637,-0.2192727,1.648538,2012-06-18_010555820
-0.3689482,-0.2185313,1.648266,2012-06-18_010555910
-0.3679633,-0.2184648,1.648121,2012-06-18_010555988
-0.3669638,-0.2182942,1.64793,2012-06-18_010556073
-0.366449,-0.2180154,1.64783,2012-06-18_010556145
-0.3659275,-0.2176979,1.647788,2012-06-18_010556219
-0.3648935,-0.2158188,1.648294,2012-06-18_010556290
-0.3641992,-0.2135313,1.649012,2012-06-18_010556376
-0.3637691,-0.2122914,1.649449,2012-06-18_010556456
-0.3634238,-0.2112724,1.649841,2012-06-18_010556526
-0.3632849,-0.2111991,1.649917,2012-06-18_010556609
-0.3631958,-0.2113941,1.649908,2012-06-18_010556684
-0.3630796,-0.2122215,1.649745,2012-06-18_010556753
-0.3630594,-0.2122919,1.64973,2012-06-18_010556836
-0.3629064,-0.213049,1.649585,2012-06-18_010556921
-0.3628897,-0.2131612,1.649562,2012-06-18_010556993
-0.3629167,-0.2133259,1.649497,2012-06-18_010557084
-0.3629461,-0.214326,1.649204,2012-06-18_010557152
-0.3630014,-0.215087,1.648982,2012-06-18_010557225
-0.3631358,-0.2154974,1.648858,2012-06-18_010557323
-0.3633183,-0.2157624,1.648835,2012-06-18_010557409
-0.3635422,-0.2162435,1.648884,2012-06-18_010557483
-0.36388,-0.2167651,1.648997,2012-06-18_010557556
-0.3642627,-0.2171358,1.649143,2012-06-18_010557626
-0.3650103,-0.2175056,1.649456,2012-06-18_010557715
-0.3655112,-0.2177054,1.649652,2012-06-18_010557789
-0.366094,-0.2177863,1.649883,2012-06-18_010557858
-0.366896,-0.2180305,1.650227,2012-06-18_010557942
-0.3673395,-0.2181781,1.650438,2012-06-18_010558014
-0.367756,-0.2182707,1.650677,2012-06-18_010558085
-0.368151,-0.2183048,1.65093,2012-06-18_010558157
-0.3685295,-0.218318,1.651209,2012-06-18_01