-0.2406284,-0.8195981,2.360521,2012-06-14_045007596
-0.2408642,-0.8203136,2.360781,2012-06-14_045007735
-0.2409798,-0.8207495,2.360915,2012-06-14_045007827
-0.2410388,-0.8208953,2.360981,2012-06-14_045007917
-0.2411439,-0.8210942,2.361087,2012-06-14_045008034
-0.2412279,-0.8211972,2.36114,2012-06-14_045008109
-0.2413029,-0.8210938,2.361434,2012-06-14_045008210
-0.2411826,-0.820456,2.361723,2012-06-14_045008301
-0.2411334,-0.819824,2.362018,2012-06-14_045008392
-0.2411348,-0.8196383,2.362124,2012-06-14_045008472
-0.2411434,-0.8192761,2.362324,2012-06-14_045008562
-0.2411907,-0.8191718,2.36238,2012-06-14_045008636
-0.2412953,-0.8191361,2.362369,2012-06-14_045008711
-0.2415424,-0.8191891,2.362252,2012-06-14_045008796
-0.2418242,-0.8192784,2.362071,2012-06-14_045008874
-0.2422903,-0.8193627,2.361724,2012-06-14_045008961
-0.2426372,-0.8193051,2.361443,2012-06-14_045009040
-0.2431507,-0.8191925,2.361066,2012-06-14_045009132
-0.2436511,-0.81947,2.360798,2012-06-14_045009206
-0.2446164,-0.8200888,2.360426,2012-06-14_045009293
-0.245685,-0.8207343,2.36012,2012-06-14_045009372
-0.247779,-0.8218814,2.359948,2012-06-14_045009459
-0.2492096,-0.8230618,2.360048,2012-06-14_045009540
-0.250963,-0.8250264,2.360075,2012-06-14_045009624
-0.2517415,-0.8260991,2.360054,2012-06-14_045009704
-0.2523635,-0.8267654,2.359987,2012-06-14_045009797
-0.2526084,-0.8271943,2.359926,2012-06-14_045009869
-0.2527957,-0.8277043,2.359729,2012-06-14_045009946
-0.252527,-0.8284781,2.359111,2012-06-14_045010039
-0.2502694,-0.8316621,2.354671,2012-06-14_045010132
-0.2467767,-0.8376177,2.34586,2012-06-14_045010201
-0.243276,-0.8426475,2.334317,2012-06-14_045010281
-0.238078,-0.8491365,2.319853,2012-06-14_045010368
-0.2356241,-0.8513156,2.312591,2012-06-14_045010440
-0.2341198,-0.8530555,2.302832,2012-06-14_045010526
-0.2339451,-0.8542453,2.298317,2012-06-14_045010600
-0.2341606,-0.8549829,2.294225,2012-06-14_045010670
-0.2357785,-0.8577285,2.286399,2012-06-14_045010771
-0.2365598,-0.8596041,2.284688,2012-06-14_045010841
-0.2406881,-0.8659806,2.280964,2012-06-14_045010936
-0.2439664,-0.8684446,2.279445,2012-06-14_045011004
-0.2471652,-0.8162493,2.131308,2012-06-14_045011092
-0.2447138,-0.8081958,2.098207,2012-06-14_045011175
-0.2468291,-0.8211719,2.118418,2012-06-14_045011269
-0.2554559,-0.8271007,2.156986,2012-06-14_045011361
-0.2639468,-0.8223794,2.183477,2012-06-14_045011441
-0.2736219,-0.801828,2.216068,2012-06-14_045011535
-0.2749267,-0.7904207,2.22322,2012-06-14_045011609
-0.2748709,-0.7736232,2.227118,2012-06-14_045011708
-0.2759704,-0.7538365,2.236062,2012-06-14_045011793
-0.2800994,-0.7431143,2.24681,2012-06-14_045011872
-0.2885089,-0.7294728,2.258687,2012-06-14_045011944
-0.2982957,-0.7151518,2.274393,2012-06-14_045012037
-0.3059344,-0.7078511,2.290902,2012-06-14_045012129
-0.3105882,-0.7089754,2.303734,2012-06-14_045012211
-0.2921205,-0.8230013,2.341685,2012-06-14_045012307
-0.2788002,-0.881712,2.358146,2012-06-14_045012374
-0.2777151,-0.8816314,2.358278,2012-06-14_045012450
-0.2787708,-0.8637969,2.355255,2012-06-14_045012539
-0.2761124,-0.857934,2.355929,2012-06-14_045012629
-0.2738409,-0.8537859,2.357147,2012-06-14_045012702
-0.2712822,-0.8454258,2.357793,2012-06-14_045012787
-0.2703038,-0.8402629,2.357953,2012-06-14_045012863
-0.2699352,-0.8366466,2.357736,2012-06-14_045012941
-0.2700167,-0.8335778,2.357079,2012-06-14_045013029
-0.2704456,-0.8316836,2.356191,2012-06-14_045013112
-0.278136,-0.7804372,2.341228,2012-06-14_045013202
-0.2732809,-0.7894791,2.343316,2012-06-14_045013282
-0.2678106,-0.8123261,2.349351,2012-06-14_045013364
-0.2665528,-0.8200397,2.350922,2012-06-14_045013442
-0.2656322,-0.8260666,2.35151,2012-06-14_045013534
-0.2651897,-0.8284315,2.351504,2012-06-14_045013612
-0.2643994,-0.8309159,2.351311,2012-06-14_045013701
-0.2632471,-0.8327438,2.351367,2012-06-14_045013791
-0.2624647,-0.8335135,2.351622,2012-06-14_045013869
-0.2617707,-0.8340121,2.352021,2012-06-14_045013944
-0.2607779,-0.8345321,2.352957,2012-06-14_045014062
-0.2604773,-0.8346896,2.353463,2012-06-14_045014134
-0.2602085,-0.8348947,2.354253,2012-06-14_045014214
-0.2600872,-0.8350435,2.35474,2012-06-14_045014303
-0.2599109,-0.8353335,2.355242,2012-06-14_045014387
-0.2598724,-0.8354498,2.35549,2012-06-14_045014468
-0.2601564,-0.8354613,2.355949,2012-06-14_045014555
-0.2608051,-0.8353022,2.356427,2012-06-14_045014633
-0.2631168,-0.8346439,2.357811,2012-06-14_045014722
-0.2651071,-0.8343138,2.359297,2012-06-14_045014801
-0.2671412,-0.834114,2.361019,2012-06-14_045014876
-0.2699535,-0.8336793,2.363284,2012-06-14_045014967
-0.2720933,-0.8325179,2.364629,2012-06-14_045015058
-0.2729373,-0.8318786,2.365136,2012-06-14_045015140
-0.2733662,-0.831481,2.365478,2012-06-14_045015214
-0.2727602,-0.8317154,2.365267,2012-06-14_045015299
-0.2716585,-0.8325565,2.364577,2012-06-14_045015372
-0.2702071,-0.8342077,2.3633,2012-06-14_045015460
-0.2698578,-0.8344774,2.363019,2012-06-14_045015533
-0.2696525,-0.834652,2.362881,2012-06-14_045015612
-0.2693578,-0.8350348,2.362906,2012-06-14_045015707
-0.268729,-0.8357673,2.362857,2012-06-14_045015775
-0.2659361,-0.836533,2.360711,2012-06-14_045015857
-0.2599044,-0.8400211,2.35478,2012-06-14_045015953
-0.2572899,-0.84231,2.352006,2012-06-14_045016030
-0.2558295,-0.8436682,2.350368,2012-06-14_045016111
-0.2547875,-0.844708,2.349132,2012-06-14_045016196
-0.2544754,-0.8450494,2.348797,2012-06-14_045016273
-0.2543444,-0.8453946,2.348663,2012-06-14_045016364
-0.2550281,-0.8452371,2.349061,2012-06-14_045016454
-0.2578909,-0.8426554,2.349648,2012-06-14_045016532
-0.2722732,-0.8179988,2.347123,2012-06-14_045016622
-0.2803596,-0.8037072,2.344395,2012-06-14_045016698
-0.3020347,-0.7432392,2.337519,2012-06-14_045016773
-0.3095933,-0.7231689,2.335274,2012-06-14_045016861
-0.3103298,-0.7199985,2.334996,2012-06-14_045016939
-0.308936,-0.721556,2.335027,2012-06-14_045017017
-0.3061071,-0.7267579,2.335277,2012-06-14_045017099
-0.3031658,-0.7327227,2.336008,2012-06-14_045017182
-0.2856684,-0.7939137,2.340936,2012-06-14_045017257
-0.2830762,-0.8024593,2.341674,2012-06-14_045017337
-0.2809235,-0.8070907,2.342131,2012-06-14_045017409
-0.2655817,-0.8323048,2.345551,2012-06-14_045017492
-0.2601958,-0.8401352,2.346931,2012-06-14_045017569
-0.2559866,-0.8456371,2.348026,2012-06-14_045017655
-0.254412,-0.847535,2.348371,2012-06-14_045017733
-0.2529776,-0.8491122,2.348572,2012-06-14_045017824
-0.2524329,-0.8496646,2.348601,2012-06-14_045017900
-0.2519382,-0.850154,2.34859,2012-06-14_045017985
-0.2517608,-0.8503237,2.348584,2012-06-14_045018057
-0.2516662,-0.8504242,2.348588,2012-06-14_045018132
-0.2516303,-0.8504738,2.348613,2012-06-14_045018218
-0.2516644,-0.8504957,2.348712,2012-06-14_045018300
-0.2519551,-0.8503702,2.348937,2012-06-14_045018395
-0.2528438,-0.849478,2.3493,2012-06-14_045018468
-0.2541254,-0.8479764,2.34962,2012-06-14_045018545
-0.2572643,-0.8441753,2.349859,2012-06-14_045018629
-0.2614146,-0.8385807,2.349877,2012-06-14_045018722
-0.2636446,-0.8355184,2.349848,2012-06-14_045018800
-0.2699258,-0.8230043,2.348746,2012-06-14_045018889
-0.273778,-0.8137352,2.347527,2012-06-14_045018963
-0.2758239,-0.8085591,2.34673,2012-06-14_045019034
-0.277301,-0.8045502,2.346078,2012-06-14_045019123
-0.2775606,-0.8041047,2.346023,2012-06-14_045019207
-0.2773215,-0.8053939,2.346349,2012-06-14_045019293
-0.2769566,-0.8071317,2.346694,2012-06-14_045019373
-0.2760808,-0.8101767,2.347522,2012-06-14_045019453
-0.2719779,-0.8216807,2.349861,2012-06-14_045019528
-0.2683105,-0.8316392,2.352222,2012-06-14_045019621
-0.2642969,-0.8412656,2.354659,2012-06-14_045019686
-0.2627752,-0.8441876,2.355666,2012-06-14_045019762
-0.261806,-0.8457968,2.356393,2012-06-14_045019840
-0.2612525,-0.846652,2.35681,2012-06-14_045019910
-0.2607843,-0.8472831,2.357112,2012-06-14_045019991
-0.2606067,-0.8474815,2.357211,2012-06-14_045020073
-0.2604262,-0.847646,2.357268,2012-06-14_045020159
-0.2603334,-0.8477325,2.357262,2012-06-14_045020233
-0.2602312,-0.8478296,2.357235,2012-06-14_045020308
-0.2599663,-0.8482269,2.356997,2012-06-14_045020388
-0.2597831,-0.8484811,2.356799,2012-06-14_045020466
-0.2595607,-0.8486882,2.356576,2012-06-14_045020560
-0.2594328,-0.8487077,2.356463,2012-06-14_045020630
-0.2592837,-0.848639,2.356325,2012-06-14_045020700
-0.2590875,-0.8484447,2.356127,2012-06-14_045020782
-0.2587127,-0.847663,2.355442,2012-06-14_045020856
-0.2585725,-0.8461846,2.354398,2012-06-14_045020930
-0.2588999,-0.8437464,2.352793,2012-06-14_045021017
-0.2600684,-0.84015,2.350713,2012-06-14_045021094
-0.2641214,-0.8306693,2.346737,2012-06-14_045021168
-0.2659048,-0.8268821,2.345289,2012-06-14_045021262
-0.2665462,-0.8256149,2.34483,2012-06-14_045021339
-0.2670693,-0.8246622,2.344502,2012-06-14_045021430
-0.2672733,-0.8243992,2.34441,2012-06-14_045021503
-0.2675186,-0.8242433,2.344379,2012-06-14_045021586
-0.268272,-0.8156744,2.34151,2012-06-14_045021661
-0.2709488,-0.8108078,2.341194,2012-06-14_045021738
-0.2747016,-0.8057414,2.339888,2012-06-14_045021826
-0.2762835,-0.8051273,2.339041,2012-06-14_045021917
-0.2897387,-0.7686442,2.332931,2012-06-14_045021987
-0.3002671,-0.7382123,2.328271,2012-06-14_045022065
-0.3024521,-0.7319478,2.327326,2012-06-14_045022154
-0.3032691,-0.7295123,2.327639,2012-06-14_045022227
-0.3027266,-0.7304744,2.328087,2012-06-14_045022327
-0.2837452,-0.7963779,2.339474,2012-06-14_045022404
-0.2616704,-0.8602233,2.349544,2012-06-14_045022486
-0.2573245,-0.8698644,2.351598,2012-06-14_045022562
-0.2552077,-0.8709337,2.352591,2012-06-14_045022639
-0.2563898,-0.8485748,2.352255,2012-06-14_045022723
-0.2569932,-0.8392573,2.352225,2012-06-14_045022805
-0.2573447,-0.8335397,2.352508,2012-06-14_045022892
-0.2574415,-0.831989,2.352636,2012-06-14_045022967
-0.257529,-0.8312724,2.352753,2012-06-14_045023054
-0.257641,-0.8310667,2.352919,2012-06-14_045023130
-0.2577224,-0.8311614,2.353007,2012-06-14_045023210
-0.2578038,-0.8310914,2.353089,2012-06-14_045023298
-0.2578661,-0.8310218,2.353106,2012-06-14_045023372
-0.2579519,-0.8309588,2.353088,2012-06-14_045023457
-0.2581012,-0.8308631,2.353055,2012-06-14_045023529
-0.2581986,-0.8307912,2.353035,2012-06-14_045023602
-0.2582411,-0.8319221,2.353648,2012-06-14_045023694
-0.2582658,-0.8324283,2.353968,2012-06-14_045023763
-0.2581441,-0.8344613,2.354181,2012-06-14_045023838
-0.257337,-0.8404623,2.354343,2012-06-14_045023928
-0.2687033,-0.8211612,2.347579,2012-06-14_045024008
-0.3058852,-0.7250336,2.325224,2012-06-14_045024094
-0.3135809,-0.7071586,2.317783,2012-06-14_045024174
-0.2707357,-0.727276,2.204323,2012-06-14_045024261
-0.2491906,-0.8589372,2.336293,2012-06-14_045024337
-0.2532032,-0.8594391,2.386377,2012-06-14_045024426
-0.2584617,-0.7273143,2.301682,2012-06-14_045024505
-0.2659381,-0.6799533,2.267576,2012-06-14_045024593
-0.2852821,-0.6801671,2.263293,2012-06-14_045024675
-0.2753872,-0.878194,2.387624,2012-06-14_045024756
-0.2782618,-0.8665226,2.389482,2012-06-14_045024832
-0.2744145,-0.8599073,2.377464,2012-06-14_045024903
-0.2679961,-0.8516245,2.36416,2012-06-14_045024998
-0.2745405,-0.8006883,2.337091,2012-06-14_045025092
-0.2678788,-0.8172002,2.3339,2012-06-14_045025166
-0.2515406,-0.8631967,2.346978,2012-06-14_045025241
-0.280629,-0.8085771,2.299561,2012-06-14_045025333
-0.265029,-0.8324031,2.311601,2012-06-14_045025409
-0.2567453,-0.8450972,2.318328,2012-06-14_045025496
-0.2525951,-0.8511349,2.321332,2012-06-14_045025597
-0.2512648,-0.8521381,2.32218,2012-06-14_045025672
-0.2516467,-0.8510085,2.322414,2012-06-14_045025759
-0.2596481,-0.8346008,2.322303,2012-06-14_045025840
-0.2643073,-0.8243955,2.322013,2012-06-14_045025929
-0.2654228,-0.8219655,2.321979,2012-06-14_045026012
-0.2659258,-0.8203878,2.322428,2012-06-14_045026173
-0.2635695,-0.8199466,2.324992,2012-06-14_045026255
-0.2620121,-0.8209271,2.32666,2012-06-14_045026323
-0.2596572,-0.8207628,2.328246,2012-06-14_045026407
-0.2544264,-0.8227074,2.330858,2012-06-14_045026492
-0.2494698,-0.8240392,2.332599,2012-06-14_045026586
-0.2450353,-0.8245792,2.333681,2012-06-14_045026662
-0.2428524,-0.824971,2.334135,2012-06-14_045026740
-0.2408977,-0.8267503,2.334908,2012-06-14_045026826
-0.2389217,-