-0.008069482,-0.827197,2.37736,2012-06-14_045007596
-0.008163429,-0.8273826,2.37718,2012-06-14_045007735
-0.008186005,-0.8274122,2.37713,2012-06-14_045007827
-0.008215526,-0.8275088,2.377063,2012-06-14_045007917
-0.008299965,-0.8277809,2.376842,2012-06-14_045008034
-0.00835123,-0.8279426,2.376658,2012-06-14_045008109
-0.008481007,-0.8284099,2.376247,2012-06-14_045008210
-0.008542036,-0.8286493,2.376065,2012-06-14_045008301
-0.00858297,-0.8289688,2.375863,2012-06-14_045008392
-0.008601558,-0.8292157,2.375732,2012-06-14_045008472
-0.008611464,-0.8295501,2.375537,2012-06-14_045008562
-0.008660547,-0.829692,2.375403,2012-06-14_045008636
-0.008754344,-0.8297681,2.375241,2012-06-14_045008711
-0.009147549,-0.8299999,2.374736,2012-06-14_045008796
-0.009551939,-0.8302662,2.374244,2012-06-14_045008874
-0.0104866,-0.8310743,2.373034,2012-06-14_045008961
-0.01119909,-0.8318624,2.371907,2012-06-14_045009040
-0.01218468,-0.832976,2.370075,2012-06-14_045009132
-0.0127488,-0.8336909,2.369001,2012-06-14_045009206
-0.0136033,-0.834825,2.367375,2012-06-14_045009293
-0.0142537,-0.8358983,2.366085,2012-06-14_045009372
-0.01510747,-0.8376064,2.363662,2012-06-14_045009459
-0.01647329,-0.8382518,2.357837,2012-06-14_045009540
-0.02374362,-0.8161839,2.312973,2012-06-14_045009624
-0.02660505,-0.7957769,2.276472,2012-06-14_045009704
-0.02423227,-0.7725157,2.233773,2012-06-14_045009797
-0.0218402,-0.7604746,2.21055,2012-06-14_045009869
-0.02175044,-0.7541035,2.179518,2012-06-14_045009946
-0.02693199,-0.7505555,2.15475,2012-06-14_045010039
-0.0475261,-0.7349381,2.113508,2012-06-14_045010132
-0.06406593,-0.7225277,2.085034,2012-06-14_045010201
-0.07570438,-0.7132474,2.059324,2012-06-14_045010281
-0.08579537,-0.7109368,2.009962,2012-06-14_045010368
-0.09162383,-0.7202304,1.970218,2012-06-14_045010440
-0.09350567,-0.8013538,1.89445,2012-06-14_045010526
-0.09416408,-0.8142579,1.875208,2012-06-14_045010600
-0.09379007,-0.8188414,1.859334,2012-06-14_045010670
-0.09203532,-0.8190735,1.834333,2012-06-14_045010771
-0.09180211,-0.8198272,1.825621,2012-06-14_045010841
-0.09571723,-0.8281321,1.786718,2012-06-14_045010936
-0.1298781,-0.843991,1.776351,2012-06-14_045011004
-0.1524945,-0.8509689,1.772854,2012-06-14_045011092
-0.1739645,-0.8565207,1.783721,2012-06-14_045011175
-0.196531,-0.8630971,1.802722,2012-06-14_045011269
-0.2038998,-0.8666305,1.815189,2012-06-14_045011361
-0.1965693,-0.8679708,1.820906,2012-06-14_045011441
-0.1787297,-0.8583816,1.831508,2012-06-14_045011535
-0.1779128,-0.8433134,1.850438,2012-06-14_045011609
-0.1736554,-0.8253481,1.861513,2012-06-14_045011708
-0.1668371,-0.7983962,1.869335,2012-06-14_045011793
-0.1654047,-0.7800774,1.875948,2012-06-14_045011872
-0.1722394,-0.6151797,1.919572,2012-06-14_045011944
-0.1732386,-0.5758617,1.927797,2012-06-14_045012037
-0.1721012,-0.5850155,1.923028,2012-06-14_045012129
-0.1711255,-0.5872962,1.922134,2012-06-14_045012211
-0.1683152,-0.5720239,1.940917,2012-06-14_045012307
-0.1683602,-0.5462798,1.967377,2012-06-14_045012374
-0.1731117,-0.5318562,1.999423,2012-06-14_045012450
-0.1683993,-0.5487554,2.030313,2012-06-14_045012539
-0.1196277,-0.6061975,2.096902,2012-06-14_045012629
-0.05745838,-0.652861,2.140928,2012-06-14_045012702
0.05410609,-0.6865741,2.189506,2012-06-14_045012787
0.1342316,-0.6993698,2.215639,2012-06-14_045012863
0.2285336,-0.7083316,2.250318,2012-06-14_045012941
0.3162602,-0.6781579,2.294561,2012-06-14_045013029
0.3542312,-0.6304263,2.326905,2012-06-14_045013112
0.3919306,-0.5607228,2.365712,2012-06-14_045013202
0.4100938,-0.5073128,2.39504,2012-06-14_045013282
0.4312296,-0.4086993,2.412955,2012-06-14_045013364
0.4006252,-0.3381921,2.377722,2012-06-14_045013442
0.4464285,-0.2755826,2.402316,2012-06-14_045013534
0.4754441,-0.2686515,2.422711,2012-06-14_045013612
0.4888734,-0.2523555,2.433374,2012-06-14_045013701
0.4805402,-0.2244952,2.427785,2012-06-14_045013791
0.4899806,-0.2141149,2.428821,2012-06-14_045013869
0.4912806,-0.2015522,2.425702,2012-06-14_045013944
0.4863186,-0.1742487,2.413363,2012-06-14_045014062
0.4892042,-0.1706408,2.41076,2012-06-14_045014134
0.4914874,-0.169047,2.404594,2012-06-14_045014214
0.4941605,-0.1719455,2.401718,2012-06-14_045014303
0.4769818,-0.2425827,2.392593,2012-06-14_045014387
0.4693553,-0.266992,2.393401,2012-06-14_045014468
0.4187751,-0.3226588,2.394485,2012-06-14_045014555
0.3739019,-0.3633694,2.393236,2012-06-14_045014633
0.3562974,-0.4274471,2.418701,2012-06-14_045014722
0.3604887,-0.4513816,2.427656,2012-06-14_045014801
0.3484058,-0.5034475,2.442904,2012-06-14_045014876
0.3425768,-0.5563397,2.461622,2012-06-14_045014967
0.3087953,-0.5691677,2.436681,2012-06-14_045015058
0.2530528,-0.5679981,2.396748,2012-06-14_045015140
0.2544554,-0.6819647,2.392224,2012-06-14_045015214
0.2330554,-0.7452504,2.384003,2012-06-14_045015299
0.1740245,-0.7848079,2.360993,2012-06-14_045015372
0.07849463,-0.8185987,2.317984,2012-06-14_045015460
0.03606094,-0.825368,2.298823,2012-06-14_045015533
0.0007639974,-0.8271124,2.283396,2012-06-14_045015612
-0.03491187,-0.8138247,2.261669,2012-06-14_045015706
-0.05462537,-0.7959641,2.241198,2012-06-14_045015775
-0.07734002,-0.7883465,2.222544,2012-06-14_045015857
-0.1112711,-0.7760898,2.195061,2012-06-14_045015953
-0.1280291,-0.7686729,2.181507,2012-06-14_045016030
-0.1393464,-0.7635849,2.171368,2012-06-14_045016111
-0.1483807,-0.7573206,2.158077,2012-06-14_045016196
-0.1509888,-0.7534276,2.149311,2012-06-14_045016273
-0.1523504,-0.745981,2.132827,2012-06-14_045016364
-0.1541494,-0.738669,2.11429,2012-06-14_045016454
-0.1574941,-0.7335745,2.097475,2012-06-14_045016532
-0.165287,-0.726866,2.077182,2012-06-14_045016622
-0.1707861,-0.7231144,2.065266,2012-06-14_045016698
-0.1753608,-0.719898,2.055959,2012-06-14_045016773
-0.1810775,-0.7143549,2.04434,2012-06-14_045016861
-0.1839016,-0.7109722,2.038512,2012-06-14_045016939
-0.1857024,-0.7084005,2.034424,2012-06-14_045017017
-0.1868008,-0.7061837,2.031196,2012-06-14_045017099
-0.1868304,-0.7053772,2.030037,2012-06-14_045017182
-0.1845232,-0.704895,2.029617,2012-06-14_045017257
-0.1806641,-0.7052085,2.030939,2012-06-14_045017337
-0.1744184,-0.705233,2.033937,2012-06-14_045017409
-0.1612871,-0.7070654,2.04068,2012-06-14_045017492
-0.1542927,-0.7085037,2.044698,2012-06-14_045017569
-0.1459866,-0.7122098,2.051064,2012-06-14_045017655
-0.1418237,-0.7155713,2.055612,2012-06-14_045017733
-0.1388821,-0.7194757,2.060032,2012-06-14_045017824
-0.138115,-0.7213469,2.062024,2012-06-14_045017900
-0.1379025,-0.7237664,2.064026,2012-06-14_045017985
-0.1383177,-0.7252809,2.065186,2012-06-14_045018057
-0.1388554,-0.726385,2.066152,2012-06-14_045018132
-0.1394497,-0.7270724,2.06693,2012-06-14_045018218
-0.1409125,-0.7271638,2.067091,2012-06-14_045018300
-0.1442164,-0.7220849,2.058763,2012-06-14_045018395
-0.146761,-0.7147728,2.047371,2012-06-14_045018468
-0.1493113,-0.7080044,2.036227,2012-06-14_045018545
-0.1524381,-0.7005439,2.022583,2012-06-14_045018629
-0.1548324,-0.69408,2.01265,2012-06-14_045018722
-0.1558704,-0.6893452,2.006217,2012-06-14_045018800
-0.1569841,-0.6823184,1.997028,2012-06-14_045018889
-0.1576883,-0.6789209,1.992205,2012-06-14_045018963
-0.1582199,-0.6760256,1.989033,2012-06-14_045019034
-0.158753,-0.6729708,1.986677,2012-06-14_045019123
-0.1589148,-0.6723474,1.985919,2012-06-14_045019207
-0.159979,-0.6737704,1.990233,2012-06-14_045019293
-0.1613124,-0.679898,2.005069,2012-06-14_045019373
-0.1627988,-0.6941679,2.036562,2012-06-14_045019453
-0.1612275,-0.707239,2.056444,2012-06-14_045019528
-0.1576097,-0.7190266,2.072586,2012-06-14_045019621
-0.1527729,-0.730515,2.089821,2012-06-14_045019686
-0.150803,-0.7362074,2.09888,2012-06-14_045019762
-0.1498801,-0.7408251,2.106625,2012-06-14_045019840
-0.1493793,-0.7444955,2.113304,2012-06-14_045019910
-0.1491451,-0.7474713,2.119006,2012-06-14_045019991
-0.1491945,-0.7483834,2.120925,2012-06-14_045020073
-0.1493051,-0.7491459,2.122282,2012-06-14_045020159
-0.1495637,-0.7494617,2.122407,2012-06-14_045020233
-0.1500644,-0.7495807,2.120777,2012-06-14_045020308
-0.1499798,-0.7456173,2.107328,2012-06-14_045020388
-0.1492686,-0.7374062,2.089654,2012-06-14_045020466
-0.1477961,-0.7160213,2.064367,2012-06-14_045020560
-0.145489,-0.7046886,2.048611,2012-06-14_045020630
-0.1430132,-0.694021,2.03161,2012-06-14_045020700
-0.1406707,-0.6833854,2.017313,2012-06-14_045020782
-0.1390291,-0.6738014,2.002369,2012-06-14_045020856
-0.1388172,-0.6691899,1.994795,2012-06-14_045020930
-0.1394705,-0.6658078,1.988799,2012-06-14_045021017
-0.140568,-0.663253,1.98369,2012-06-14_045021094
-0.1427688,-0.6603833,1.977094,2012-06-14_045021168
-0.1447218,-0.6583995,1.972024,2012-06-14_045021262
-0.1457585,-0.6572059,1.969281,2012-06-14_045021339
-0.1468356,-0.6559078,1.965791,2012-06-14_045021430
-0.1472629,-0.6555136,1.963866,2012-06-14_045021503
-0.1476527,-0.6551135,1.961844,2012-06-14_045021586
-0.1478172,-0.6549505,1.961105,2012-06-14_045021661
-0.1481716,-0.6549767,1.960788,2012-06-14_045021738
-0.1521036,-0.6551632,1.965406,2012-06-14_045021826
-0.1575507,-0.6607913,1.972974,2012-06-14_045021917
-0.1631042,-0.6734902,1.98187,2012-06-14_045021987
-0.1717694,-0.6883944,1.998545,2012-06-14_045022065
-0.1787747,-0.6952395,2.011832,2012-06-14_045022154
-0.1851979,-0.7030417,2.028051,2012-06-14_045022227
-0.186698,-0.7098633,2.044706,2012-06-14_045022327
-0.1832294,-0.71505,2.055795,2012-06-14_045022404
-0.1623992,-0.7282481,2.075445,2012-06-14_045022486
-0.1399787,-0.7353691,2.088805,2012-06-14_045022562
-0.1005196,-0.742287,2.106398,2012-06-14_045022639
-0.06177289,-0.7409943,2.123784,2012-06-14_045022723
-0.04374662,-0.7390815,2.134016,2012-06-14_045022805
-0.02353193,-0.7381035,2.149368,2012-06-14_045022892
-0.0109519,-0.7388731,2.160537,2012-06-14_045022967
0.002322497,-0.7421638,2.171164,2012-06-14_045023054
0.02188518,-0.7493675,2.187133,2012-06-14_045023130
0.03371883,-0.7542052,2.194805,2012-06-14_045023210
0.04570517,-0.7589098,2.201325,2012-06-14_045023298
0.04949183,-0.7600332,2.203355,2012-06-14_045023372
0.05139065,-0.7605549,2.204406,2012-06-14_045023457
0.04433687,-0.7570312,2.203582,2012-06-14_045023529
0.02158073,-0.7522836,2.197612,2012-06-14_045023602
-0.02379771,-0.7530516,2.180362,2012-06-14_045023694
-0.05569616,-0.7551488,2.165961,2012-06-14_045023763
-0.08470058,-0.7591938,2.148916,2012-06-14_045023838
-0.1178515,-0.7556036,2.126709,2012-06-14_045023928
-0.1542943,-0.7432688,2.102731,2012-06-14_045024008
-0.1841113,-0.7225909,2.086057,2012-06-14_045024094
-0.2024649,-0.7139159,2.079117,2012-06-14_045024174
-0.2544198,-0.7228052,2.061971,2012-06-14_045024261
-0.2850677,-0.7215261,2.056298,2012-06-14_045024337
-0.3017532,-0.7230517,2.045412,2012-06-14_045024426
-0.3780437,-0.71647,2.102817,2012-06-14_045024505
-0.419715,-0.7101911,2.134177,2012-06-14_045024593
-0.4955214,-0.6102359,2.166433,2012-06-14_045024675
-0.5451874,-0.505392,2.159787,2012-06-14_045024756
-0.5896711,-0.4904737,2.17384,2012-06-14_045024832
-0.6163878,-0.4796107,2.199017,2012-06-14_045024903
-0.5799246,-0.64671,2.156329,2012-06-14_045024998
-0.4147992,-0.7109086,2.080295,2012-06-14_045025092
-0.2889963,-0.710337,2.02963,2012-06-14_045025166
-0.2177428,-0.7320038,1.996904,2012-06-14_045025241
-0.1415264,-0.7188643,1.976067,2012-06-14_045025333
-0.103776,-0.7974864,1.962216,2012-06-14_045025409
-0.07547009,-0.7696441,1.978464,2012-06-14_045025496
-0.03968304,-0.7269773,2.010837,2012-06-14_045025597
-0.003767661,-0.7221717,2.047486,2012-06-14_045025672
0.04736341,-0.730778,2.102979,2012-06-14_045025759
0.1482419,-0.7653511,2.186368,2012-06-14_045025840
0.2607249,-0.7468764,2.274112,2012-06-14_045025929
0.3257607,-0.6972824,2.306971,2012-06-14_045026012
0.3747816,-0.5926461,2.359855,2012-06-14_045026173
0.4201197,-0.4928446,2.371231,2012-06-14_045026255
0.4399826,-0.467223,2.368473,2012-06-14_045026323
0.4501893,-0.4443916,2.362558,2012-06-14_045026407
0.4047889,-0.4034739,2.351739,2012-06-14_045026492
0.2721742,-0.3941116,2.325382,2012-06-14_045026586
0.1768397,-0.4404639,2.319284,2012-06-14_045026662
0.1156201,-0.5058518,2.281081,2012-06-14_045026740
0.09577626,-0.5956142,2.220848,2012