-0.4153648,0.1832787,2.334499,2012-06-14_045007595
-0.4182428,0.183636,2.335778,2012-06-14_045007735
-0.4196798,0.1835715,2.336686,2012-06-14_045007827
-0.420482,0.1834273,2.337196,2012-06-14_045007917
-0.4220461,0.1830929,2.338192,2012-06-14_045008034
-0.4226626,0.1829125,2.338534,2012-06-14_045008109
-0.4236548,0.1825514,2.338896,2012-06-14_045008210
-0.424087,0.182425,2.33892,2012-06-14_045008301
-0.4255051,0.1828451,2.338554,2012-06-14_045008392
-0.4266911,0.1834281,2.338168,2012-06-14_045008472
-0.4291382,0.1860533,2.337574,2012-06-14_045008562
-0.4302828,0.1875536,2.337335,2012-06-14_045008636
-0.4311786,0.1889812,2.336998,2012-06-14_045008711
-0.4325685,0.1910455,2.335987,2012-06-14_045008796
-0.4334118,0.1917339,2.335131,2012-06-14_045008874
-0.4390221,0.1902597,2.332912,2012-06-14_045008961
-0.4542037,0.1862755,2.331822,2012-06-14_045009040
-0.4890023,0.1795099,2.33639,2012-06-14_045009132
-0.5235131,0.18464,2.339982,2012-06-14_045009206
-0.5739412,0.205903,2.340154,2012-06-14_045009293
-0.6140957,0.2344191,2.333661,2012-06-14_045009372
-0.6508635,0.2798604,2.329832,2012-06-14_045009459
-0.6646916,0.316721,2.329677,2012-06-14_045009540
-0.6984721,0.3705937,2.324837,2012-06-14_045009624
-0.7089599,0.4056327,2.325405,2012-06-14_045009704
-0.7210305,0.4597341,2.327869,2012-06-14_045009797
-0.7319367,0.4983436,2.328906,2012-06-14_045009869
-0.7401631,0.5327701,2.33326,2012-06-14_045009946
-0.7440096,0.5553238,2.33707,2012-06-14_045010039
-0.7348855,0.5855063,2.34285,2012-06-14_045010132
-0.739639,0.594227,2.344572,2012-06-14_045010201
-0.7428409,0.5939499,2.345727,2012-06-14_045010281
-0.7446878,0.5577295,2.341365,2012-06-14_045010367
-0.7479001,0.5214434,2.334226,2012-06-14_045010440
-0.7451246,0.4590372,2.323521,2012-06-14_045010526
-0.7455229,0.435845,2.320342,2012-06-14_045010600
-0.7512285,0.412643,2.310899,2012-06-14_045010670
-0.7511409,0.3529817,2.300498,2012-06-14_045010771
-0.744751,0.3231292,2.301576,2012-06-14_045010841
-0.7420977,0.2052003,2.310295,2012-06-14_045010936
-0.7290263,0.1528539,2.309493,2012-06-14_045011004
-0.6945305,0.08260729,2.303623,2012-06-14_045011092
-0.6593189,0.05545407,2.300494,2012-06-14_045011175
-0.619352,0.03036808,2.295059,2012-06-14_045011269
-0.5805212,0.02821073,2.2966,2012-06-14_045011361
-0.5672377,0.03136415,2.299232,2012-06-14_045011441
-0.5584184,0.06883809,2.30973,2012-06-14_045011535
-0.5721294,0.09608778,2.312276,2012-06-14_045011609
-0.6229684,0.1455006,2.307637,2012-06-14_045011708
-0.6707674,0.1977308,2.309037,2012-06-14_045011793
-0.6995729,0.2313422,2.312113,2012-06-14_045011872
-0.7157795,0.2685595,2.318305,2012-06-14_045011943
-0.728764,0.3187532,2.325246,2012-06-14_045012037
-0.7358575,0.3540934,2.326515,2012-06-14_045012129
-0.7368315,0.3735181,2.325578,2012-06-14_045012211
-0.7441463,0.403479,2.321882,2012-06-14_045012307
-0.7521549,0.4240951,2.319585,2012-06-14_045012374
-0.7643061,0.4723865,2.321166,2012-06-14_045012450
-0.7666699,0.4797119,2.321935,2012-06-14_045012539
-0.7801473,0.44201,2.325209,2012-06-14_045012629
-0.7852094,0.4254795,2.327286,2012-06-14_045012702
-0.7960939,0.405532,2.329629,2012-06-14_045012787
-0.8061557,0.3914217,2.331301,2012-06-14_045012863
-0.81679,0.3759573,2.334142,2012-06-14_045012941
-0.8276964,0.3477719,2.339479,2012-06-14_045013029
-0.8266263,0.3265441,2.34525,2012-06-14_045013112
-0.8094289,0.2948315,2.351676,2012-06-14_045013202
-0.7941251,0.274808,2.352283,2012-06-14_045013282
-0.7748784,0.256019,2.34839,2012-06-14_045013364
-0.7695351,0.2479943,2.347224,2012-06-14_045013442
-0.7684209,0.2261503,2.348049,2012-06-14_045013534
-0.7697936,0.214959,2.349187,2012-06-14_045013612
-0.7728773,0.1966697,2.351692,2012-06-14_045013701
-0.7371295,0.1577421,2.339748,2012-06-14_045013791
-0.7100947,0.1350973,2.329202,2012-06-14_045013869
-0.7331013,0.1160855,2.343201,2012-06-14_045013944
-0.7482612,0.09039363,2.35739,2012-06-14_045014062
-0.7567524,0.07854359,2.365577,2012-06-14_045014134
-0.759883,0.07297573,2.369077,2012-06-14_045014214
-0.7780052,0.05825061,2.389027,2012-06-14_045014303
-0.7434126,0.1049825,2.352262,2012-06-14_045014387
-0.7675318,0.1125469,2.368848,2012-06-14_045014468
-0.7471269,0.1310113,2.352135,2012-06-14_045014555
-0.7567972,0.136869,2.35969,2012-06-14_045014633
-0.7687475,0.1446004,2.370459,2012-06-14_045014722
-0.7481436,0.1485825,2.368932,2012-06-14_045014801
-0.7454821,0.1480407,2.371738,2012-06-14_045014876
-0.7515863,0.1428002,2.38102,2012-06-14_045014967
-0.7726874,0.1241898,2.398005,2012-06-14_045015058
-0.7766737,0.1216102,2.402044,2012-06-14_045015140
-0.7769909,0.1284861,2.40915,2012-06-14_045015214
-0.7772233,0.1366213,2.415556,2012-06-14_045015299
-0.7790213,0.1446665,2.421811,2012-06-14_045015372
-0.7755319,0.1811428,2.430169,2012-06-14_045015460
-0.7731587,0.2064669,2.43023,2012-06-14_045015533
-0.7687755,0.2276338,2.428253,2012-06-14_045015612
-0.7647262,0.2479995,2.424423,2012-06-14_045015706
-0.7637125,0.2545593,2.422727,2012-06-14_045015775
-0.7626271,0.261382,2.420429,2012-06-14_045015857
-0.7575499,0.2720214,2.41447,2012-06-14_045015953
-0.7545426,0.2773421,2.411485,2012-06-14_045016030
-0.7451913,0.2840115,2.405296,2012-06-14_045016111
-0.7164519,0.2866808,2.389492,2012-06-14_045016196
-0.6805235,0.2835582,2.37711,2012-06-14_045016273
-0.6331705,0.2738151,2.36159,2012-06-14_045016364
-0.5837526,0.2482362,2.379161,2012-06-14_045016454
-0.6082531,0.2617751,2.366031,2012-06-14_045016532
-0.6013911,0.2552853,2.298409,2012-06-14_045016622
-0.5830379,0.2467687,2.275063,2012-06-14_045016698
-0.5699732,0.2417632,2.270307,2012-06-14_045016773
-0.558939,0.2384588,2.273664,2012-06-14_045016861
-0.5553263,0.2375802,2.276688,2012-06-14_045016938
-0.5536468,0.237185,2.279585,2012-06-14_045017017
-0.5535442,0.2364565,2.284481,2012-06-14_045017099
-0.5552362,0.2356762,2.289762,2012-06-14_045017182
-0.5835962,0.2506021,2.28778,2012-06-14_045017257
-0.6241387,0.2638099,2.33357,2012-06-14_045017337
-0.6334186,0.2668332,2.352828,2012-06-14_045017409
-0.6233481,0.2624043,2.381218,2012-06-14_045017492
-0.6029392,0.2559111,2.410811,2012-06-14_045017569
-0.5946631,0.2545375,2.425022,2012-06-14_045017655
-0.5961691,0.2554497,2.430263,2012-06-14_045017733
-0.6028239,0.2574414,2.434141,2012-06-14_045017824
-0.6059496,0.258227,2.434834,2012-06-14_045017900
-0.6071582,0.2595324,2.435595,2012-06-14_045017985
-0.6060218,0.260894,2.434574,2012-06-14_045018057
-0.6038436,0.2624293,2.414849,2012-06-14_045018132
-0.6032683,0.2599829,2.389015,2012-06-14_045018218
-0.6041609,0.2572719,2.363382,2012-06-14_045018300
-0.5911309,0.2372507,2.34874,2012-06-14_045018395
-0.5788144,0.2165398,2.341987,2012-06-14_045018468
-0.5679608,0.2010188,2.340742,2012-06-14_045018544
-0.5548003,0.1846247,2.348092,2012-06-14_045018629
-0.5501854,0.1756283,2.363896,2012-06-14_045018722
-0.5508706,0.172937,2.373032,2012-06-14_045018800
-0.5530473,0.1715788,2.381604,2012-06-14_045018889
-0.5547275,0.1725819,2.384658,2012-06-14_045018963
-0.5565445,0.1743843,2.386032,2012-06-14_045019034
-0.55952,0.1785946,2.382,2012-06-14_045019123
-0.5638102,0.1901658,2.362455,2012-06-14_045019207
-0.5731176,0.2290424,2.319727,2012-06-14_045019293
-0.5840121,0.2529607,2.293629,2012-06-14_045019373
-0.6005135,0.3048672,2.230494,2012-06-14_045019453
-0.6069441,0.3332014,2.205594,2012-06-14_045019528
-0.611658,0.3573506,2.194194,2012-06-14_045019621
-0.6087562,0.4725007,2.168031,2012-06-14_045019686
-0.6124248,0.4823572,2.169956,2012-06-14_045019762
-0.6120777,0.4891509,2.170208,2012-06-14_045019840
-0.606751,0.5106618,2.173766,2012-06-14_045019909
-0.6061426,0.5612695,2.193231,2012-06-14_045019991
-0.604791,0.5764214,2.198585,2012-06-14_045020073
-0.6041768,0.5848966,2.201953,2012-06-14_045020159
-0.6056502,0.5821124,2.203383,2012-06-14_045020233
-0.6114491,0.5575247,2.202436,2012-06-14_045020308
-0.6252863,0.4679812,2.204227,2012-06-14_045020388
-0.6399505,0.4061202,2.220437,2012-06-14_045020466
-0.6258978,0.3204899,2.241737,2012-06-14_045020560
-0.6115461,0.2809942,2.2586,2012-06-14_045020630
-0.5843705,0.2499722,2.271085,2012-06-14_045020700
-0.5649047,0.2299478,2.289755,2012-06-14_045020782
-0.5603991,0.2200041,2.374175,2012-06-14_045020856
-0.5812649,0.2390158,2.349487,2012-06-14_045020930
-0.5918435,0.2482716,2.32484,2012-06-14_045021017
-0.594179,0.2482653,2.320297,2012-06-14_045021094
-0.5717009,0.2251425,2.338426,2012-06-14_045021168
-0.5634715,0.2174839,2.346694,2012-06-14_045021262
-0.560709,0.2153923,2.349877,2012-06-14_045021338
-0.5583721,0.2138485,2.352611,2012-06-14_045021430
-0.5572644,0.2127419,2.353179,2012-06-14_045021503
-0.5562063,0.2074933,2.348717,2012-06-14_045021586
-0.5555899,0.2039477,2.341402,2012-06-14_045021661
-0.5545567,0.2049434,2.333809,2012-06-14_045021738
-0.5517663,0.2127501,2.322017,2012-06-14_045021826
-0.5490369,0.214464,2.31705,2012-06-14_045021917
-0.5454824,0.2156445,2.313642,2012-06-14_045021987
-0.5278904,0.2103971,2.310576,2012-06-14_045022064
-0.5156536,0.2044156,2.309063,2012-06-14_045022154
-0.5066141,0.1958467,2.307716,2012-06-14_045022227
-0.518501,0.1910448,2.310609,2012-06-14_045022327
-0.5534989,0.1905878,2.316205,2012-06-14_045022404
-0.6124973,0.199952,2.322855,2012-06-14_045022486
-0.6515391,0.2193168,2.331037,2012-06-14_045022562
-0.6835665,0.2442252,2.341558,2012-06-14_045022638
-0.7168993,0.2829531,2.354423,2012-06-14_045022723
-0.7391848,0.3094926,2.359882,2012-06-14_045022805
-0.7686235,0.3491823,2.36655,2012-06-14_045022892
-0.7827555,0.3658961,2.369604,2012-06-14_045022967
-0.7901824,0.3787523,2.372896,2012-06-14_045023054
-0.7955269,0.3917874,2.377964,2012-06-14_045023130
-0.7970081,0.3966272,2.380515,2012-06-14_045023210
-0.7973211,0.397024,2.383409,2012-06-14_045023298
-0.7932851,0.3775603,2.383734,2012-06-14_045023372
-0.7871619,0.3389772,2.379711,2012-06-14_045023457
-0.7594709,0.2826556,2.371394,2012-06-14_045023529
-0.7277876,0.2525617,2.366177,2012-06-14_045023602
-0.6814415,0.2238259,2.361089,2012-06-14_045023694
-0.6621878,0.2125404,2.360087,2012-06-14_045023763
-0.6445844,0.204017,2.359851,2012-06-14_045023838
-0.6271371,0.199023,2.361948,2012-06-14_045023928
-0.6034327,0.1928534,2.371489,2012-06-14_045024008
-0.5829342,0.191748,2.393801,2012-06-14_045024094
-0.5719725,0.1968457,2.415138,2012-06-14_045024174
-0.5609834,0.2010902,2.437345,2012-06-14_045024261
-0.5563219,0.2020143,2.4448,2012-06-14_045024336
-0.5510431,0.2022056,2.449146,2012-06-14_045024426
-0.5428899,0.2024977,2.444557,2012-06-14_045024505
-0.5350925,0.2041185,2.437303,2012-06-14_045024593
-0.5390841,0.226758,2.441573,2012-06-14_045024675
-0.5222425,0.2282526,2.384911,2012-06-14_045024756
-0.5193839,0.2274511,2.372329,2012-06-14_045024832
-0.5467899,0.2252898,2.408151,2012-06-14_045024903
-0.537952,0.2118763,2.417087,2012-06-14_045024998
-0.5083219,0.1629516,2.406992,2012-06-14_045025092
-0.5027277,0.1405665,2.405811,2012-06-14_045025166
-0.5055714,0.1281706,2.410314,2012-06-14_045025241
-0.540841,0.1169726,2.440042,2012-06-14_045025333
-0.5790758,0.1258565,2.459593,2012-06-14_045025409
-0.6311904,0.1384173,2.470052,2012-06-14_045025496
-0.6819383,0.1726751,2.470456,2012-06-14_045025597
-0.714393,0.2214345,2.455077,2012-06-14_045025672
-0.7386374,0.2496421,2.441088,2012-06-14_045025759
-0.7759355,0.2898817,2.419254,2012-06-14_045025840
-0.7997663,0.3212367,2.4016,2012-06-14_045025929
-0.8091893,0.3365703,2.392256,2012-06-14_045026012
-0.8172176,0.3494144,2.378805,2012-06-14_045026173
-0.8105054,0.3421924,2.334503,2012-06-14_045026255
-0.7977058,0.32544,2.310028,2012-06-14_045026323
-0.7816477,0.3028716,2.290007,2012-06-14_045026407
-0.7539895,0.2734461,2.27074,2012-06-14_045026492
-0.7395003,0.2618435,2.263227,2012-06-14_045026586
-0.7318875,0.2576251,2.259875,2012-06-14_045026662
-0.7276626,0.2568121,2.258728,2012-06-14_045026740
-0.7236047,0.2564106,2.258489,2012-06-14_045026826
-0.706122,0.2472886,2.273997,2012-06-14_045026902
-0.6587651,0.2289442,2.32101,2012-06-14_045026992
-0.5909299,0.2181933,2.386774,2012-06-14_045027080
-0.5372056,0.2154699,2.434465,2012-06-14_045027166
-0.4984629,0.2074037,2.46507,2012-06-14_0