0.1428936,0.1616408,2.337302,2012-06-14_045007595
0.139762,0.1594717,2.337348,2012-06-14_045007735
0.1382705,0.1592808,2.337857,2012-06-14_045007827
0.1372281,0.159163,2.338251,2012-06-14_045007917
0.1352036,0.1593814,2.339078,2012-06-14_045008033
0.1339034,0.1597397,2.339484,2012-06-14_045008109
0.1302186,0.1605052,2.340121,2012-06-14_045008210
0.1287312,0.1607872,2.340298,2012-06-14_045008301
0.1266143,0.1612169,2.340287,2012-06-14_045008392
0.1245159,0.1631246,2.340318,2012-06-14_045008472
0.1192775,0.1758387,2.341226,2012-06-14_045008562
0.1156761,0.1829227,2.340739,2012-06-14_045008636
0.1111965,0.1878925,2.338892,2012-06-14_045008711
0.1043282,0.1898219,2.334818,2012-06-14_045008796
0.09707801,0.1856086,2.331191,2012-06-14_045008874
0.08817409,0.1735617,2.328262,2012-06-14_045008961
0.0877253,0.1675204,2.328751,2012-06-14_045009040
0.1112492,0.1763396,2.347709,2012-06-14_045009132
0.1385834,0.2010463,2.367054,2012-06-14_045009206
0.1687023,0.2321115,2.378862,2012-06-14_045009293
0.1818651,0.2650011,2.382028,2012-06-14_045009372
0.1918349,0.3275589,2.385786,2012-06-14_045009459
0.2023624,0.3544123,2.387015,2012-06-14_045009540
0.2110507,0.4091198,2.392906,2012-06-14_045009624
0.2175441,0.4353627,2.395834,2012-06-14_045009704
0.2324084,0.5043807,2.401011,2012-06-14_045009797
0.2269355,0.5302409,2.403414,2012-06-14_045009869
0.2220678,0.5572125,2.405985,2012-06-14_045009946
0.2217867,0.5840863,2.409922,2012-06-14_045010039
0.2239539,0.6119351,2.415595,2012-06-14_045010132
0.2245831,0.6215917,2.418018,2012-06-14_045010201
0.2318488,0.6301974,2.420701,2012-06-14_045010281
0.2315946,0.6174612,2.422171,2012-06-14_045010367
0.227741,0.5790595,2.417084,2012-06-14_045010440
0.2297138,0.520867,2.409747,2012-06-14_045010526
0.2321203,0.4883039,2.404991,2012-06-14_045010600
0.231886,0.4409971,2.398458,2012-06-14_045010670
0.243587,0.3692781,2.384794,2012-06-14_045010771
0.2411539,0.3327889,2.378209,2012-06-14_045010841
0.2150082,0.189274,2.351694,2012-06-14_045010936
0.200065,0.1416925,2.339708,2012-06-14_045011004
0.1498694,0.07596377,2.323279,2012-06-14_045011092
0.1211847,0.04504024,2.315593,2012-06-14_045011175
0.06402858,0.006337276,2.307358,2012-06-14_045011269
0.03174447,-0.001363449,2.30818,2012-06-14_045011361
0.01583241,0.006506842,2.313907,2012-06-14_045011441
0.01388373,0.03976747,2.326256,2012-06-14_045011535
0.03503954,0.08308867,2.338531,2012-06-14_045011609
0.07242711,0.1429118,2.356503,2012-06-14_045011708
0.1089249,0.1885163,2.373252,2012-06-14_045011793
0.1266755,0.2247871,2.385543,2012-06-14_045011872
0.1318159,0.2678662,2.397173,2012-06-14_045011943
0.140821,0.3201739,2.413014,2012-06-14_045012037
0.1497347,0.3705403,2.431528,2012-06-14_045012129
0.1508535,0.4022019,2.443481,2012-06-14_045012211
0.1505587,0.451342,2.458881,2012-06-14_045012307
0.1504869,0.4761927,2.465636,2012-06-14_045012374
0.1500245,0.5016499,2.471424,2012-06-14_045012450
0.1489373,0.5101308,2.472807,2012-06-14_045012539
0.1473315,0.5175716,2.472779,2012-06-14_045012629
0.1460934,0.5202129,2.471802,2012-06-14_045012702
0.141678,0.5237787,2.464917,2012-06-14_045012787
0.1388356,0.5266455,2.455636,2012-06-14_045012863
0.1368432,0.5307466,2.443558,2012-06-14_045012941
0.1311539,0.540521,2.42259,2012-06-14_045013029
0.1264296,0.5497078,2.409698,2012-06-14_045013112
0.1162048,0.5737355,2.390785,2012-06-14_045013202
0.09306358,0.5972616,2.371286,2012-06-14_045013282
0.07672915,0.6171787,2.353883,2012-06-14_045013364
0.05802469,0.6296875,2.335668,2012-06-14_045013442
0.02140969,0.6317926,2.2994,2012-06-14_045013534
0.004515178,0.6305051,2.282638,2012-06-14_045013612
-0.0113805,0.6292482,2.266841,2012-06-14_045013701
-0.03024066,0.6295394,2.251937,2012-06-14_045013791
-0.04025656,0.6322463,2.244448,2012-06-14_045013869
-0.05674591,0.6396601,2.236146,2012-06-14_045013944
-0.0628847,0.6497729,2.230861,2012-06-14_045014062
-0.06501853,0.6508973,2.22989,2012-06-14_045014134
-0.07882984,0.6471477,2.227681,2012-06-14_045014214
-0.0848781,0.6402338,2.222921,2012-06-14_045014303
-0.102752,0.6111408,2.211694,2012-06-14_045014387
-0.09989022,0.6040631,2.210388,2012-06-14_045014468
-0.07302603,0.6025146,2.216139,2012-06-14_045014555
-0.0459729,0.6023029,2.226738,2012-06-14_045014633
-0.01740846,0.5935308,2.247396,2012-06-14_045014722
-0.002932788,0.5855796,2.259566,2012-06-14_045014801
0.007849301,0.5729979,2.270233,2012-06-14_045014876
0.01301237,0.549623,2.278492,2012-06-14_045014967
0.01733966,0.5284972,2.281785,2012-06-14_045015058
0.02144426,0.5123572,2.284031,2012-06-14_045015140
0.03350028,0.4871462,2.287067,2012-06-14_045015214
0.04959156,0.466128,2.288407,2012-06-14_045015299
0.06132407,0.4505778,2.289863,2012-06-14_045015372
0.07319865,0.4296864,2.294251,2012-06-14_045015460
0.07883497,0.415932,2.29967,2012-06-14_045015533
0.08708229,0.3988529,2.307851,2012-06-14_045015612
0.104037,0.3739122,2.31967,2012-06-14_045015706
0.1115191,0.3634155,2.323769,2012-06-14_045015775
0.1192591,0.3485608,2.328508,2012-06-14_045015857
0.1221283,0.3329515,2.332972,2012-06-14_045015953
0.1198632,0.3203769,2.338601,2012-06-14_045016030
0.1114582,0.3065355,2.346226,2012-06-14_045016111
0.0823944,0.2876368,2.3548,2012-06-14_045016196
0.06518205,0.2801096,2.35327,2012-06-14_045016273
0.03340716,0.2577304,2.334056,2012-06-14_045016364
0.02479293,0.2528889,2.309909,2012-06-14_045016454
0.03937215,0.2619216,2.297435,2012-06-14_045016532
0.04233818,0.2634238,2.292547,2012-06-14_045016622
0.03799483,0.2507817,2.320334,2012-06-14_045016698
-4.71524E-05,0.2386622,2.313604,2012-06-14_045016773
-0.01337867,0.2355061,2.310331,2012-06-14_045016861
-0.01564213,0.2359955,2.308259,2012-06-14_045016938
-0.01557378,0.2370157,2.306815,2012-06-14_045017017
-0.01284965,0.2386711,2.307112,2012-06-14_045017099
0.02910235,0.2259405,2.313179,2012-06-14_045017182
0.05292081,0.2384599,2.322302,2012-06-14_045017257
0.05495458,0.2566114,2.328553,2012-06-14_045017337
0.05978731,0.2723537,2.372903,2012-06-14_045017409
0.06039494,0.2745609,2.376653,2012-06-14_045017492
0.06061673,0.2722465,2.379962,2012-06-14_045017569
0.06710651,0.2579033,2.394041,2012-06-14_045017655
0.07230993,0.2450038,2.410696,2012-06-14_045017733
0.07376134,0.2362795,2.423608,2012-06-14_045017824
0.07269927,0.2339453,2.426594,2012-06-14_045017900
0.06567638,0.2357171,2.418675,2012-06-14_045017985
0.06374971,0.2482637,2.387275,2012-06-14_045018057
0.07182933,0.2633286,2.365958,2012-06-14_045018132
0.08506129,0.2751206,2.368002,2012-06-14_045018218
0.1133397,0.299554,2.378056,2012-06-14_045018300
0.1354368,0.3726782,2.287654,2012-06-14_045018395
0.1341507,0.4418406,2.233387,2012-06-14_045018468
0.1323031,0.4942659,2.221095,2012-06-14_045018544
0.116076,0.5433471,2.224903,2012-06-14_045018629
0.1043508,0.5658222,2.230544,2012-06-14_045018722
0.1009206,0.5732768,2.233252,2012-06-14_045018800
0.09861778,0.5790098,2.235474,2012-06-14_045018889
0.09790212,0.5805615,2.235979,2012-06-14_045018963
0.09764964,0.5769456,2.23443,2012-06-14_045019034
0.100923,0.5364119,2.223553,2012-06-14_045019123
0.1045441,0.4891286,2.217779,2012-06-14_045019207
0.09880982,0.4403602,2.211002,2012-06-14_045019293
0.08125599,0.3982316,2.195169,2012-06-14_045019373
0.0712173,0.3196058,2.182244,2012-06-14_045019453
0.07082064,0.288488,2.167601,2012-06-14_045019528
0.06975584,0.2624706,2.204138,2012-06-14_045019621
0.06317613,0.2571139,2.256811,2012-06-14_045019686
0.04317625,0.2430999,2.25326,2012-06-14_045019762
0.03236429,0.2493291,2.275044,2012-06-14_045019840
-0.02611194,0.2107176,2.318365,2012-06-14_045019909
-0.04040795,0.1886814,2.318642,2012-06-14_045019991
-0.03527972,0.1772132,2.3052,2012-06-14_045020073
-0.02851301,0.1682377,2.290905,2012-06-14_045020159
-0.02529459,0.1681265,2.285045,2012-06-14_045020233
-0.01915248,0.1791328,2.276609,2012-06-14_045020308
0.0006920989,0.2448865,2.266282,2012-06-14_045020388
0.04057205,0.3048097,2.206422,2012-06-14_045020466
0.06480295,0.3459694,2.178534,2012-06-14_045020560
0.06446466,0.3620752,2.172418,2012-06-14_045020630
0.06246057,0.368196,2.170086,2012-06-14_045020700
0.06677813,0.3709212,2.174021,2012-06-14_045020782
0.08346018,0.4031055,2.188258,2012-06-14_045020856
0.09408464,0.421334,2.193017,2012-06-14_045020930
0.09989019,0.4331497,2.194504,2012-06-14_045021017
0.100544,0.4445221,2.192883,2012-06-14_045021094
0.09891327,0.4543854,2.191812,2012-06-14_045021168
0.09438031,0.462678,2.193216,2012-06-14_045021262
0.09100857,0.4686174,2.193812,2012-06-14_045021338
0.08957376,0.4704325,2.195175,2012-06-14_045021430
0.08949499,0.4662086,2.19686,2012-06-14_045021503
0.0919282,0.43518,2.20258,2012-06-14_045021586
0.08901209,0.3898169,2.209999,2012-06-14_045021661
0.08769776,0.3534003,2.221985,2012-06-14_045021738
0.02689781,0.3502481,2.099942,2012-06-14_045021826
0.02212673,0.3042128,2.119328,2012-06-14_045021917
0.03982215,0.2459634,2.187349,2012-06-14_045021987
0.04231312,0.2439796,2.25853,2012-06-14_045022064
0.02556312,0.2430349,2.285959,2012-06-14_045022154
0.02398312,0.2428215,2.296899,2012-06-14_045022227
0.0161333,0.1861732,2.304705,2012-06-14_045022327
0.02971441,0.2014838,2.320236,2012-06-14_045022404
0.06861135,0.2501618,2.350633,2012-06-14_045022486
0.09315331,0.2712294,2.360698,2012-06-14_045022562
0.1157472,0.2872513,2.365685,2012-06-14_045022638
0.1514237,0.3350113,2.375877,2012-06-14_045022723
0.1642638,0.3640451,2.381085,2012-06-14_045022805
0.1660609,0.4145078,2.390798,2012-06-14_045022892
0.1638993,0.4392646,2.394728,2012-06-14_045022967
0.1655518,0.4549553,2.39746,2012-06-14_045023054
0.1655346,0.4689866,2.399113,2012-06-14_045023130
0.1653244,0.4732878,2.399423,2012-06-14_045023210
0.1764365,0.4599595,2.389698,2012-06-14_045023297
0.187986,0.4292146,2.376419,2012-06-14_045023372
0.1869561,0.396067,2.365588,2012-06-14_045023457
0.1632931,0.3443795,2.35267,2012-06-14_045023529
0.1506005,0.3166562,2.345798,2012-06-14_045023602
0.131985,0.2800226,2.335362,2012-06-14_045023694
0.1200137,0.2519888,2.325676,2012-06-14_045023763
0.1059693,0.2351902,2.317561,2012-06-14_045023838
0.08881106,0.2262661,2.310467,2012-06-14_045023928
0.06834499,0.2197404,2.299294,2012-06-14_045024008
0.04780672,0.2184774,2.28006,2012-06-14_045024094
0.03021672,0.2145975,2.260096,2012-06-14_045024174
0.005976422,0.2141659,2.222756,2012-06-14_045024261
-0.006075854,0.2222161,2.203918,2012-06-14_045024336
-0.02118704,0.231263,2.188146,2012-06-14_045024426
-0.04908744,0.2246709,2.174281,2012-06-14_045024505
-0.07785775,0.2185938,2.161352,2012-06-14_045024593
-0.1032461,0.2142756,2.148842,2012-06-14_045024675
-0.1109172,0.2163724,2.139771,2012-06-14_045024756
-0.1119836,0.2183545,2.134765,2012-06-14_045024832
-0.1135005,0.2192313,2.131989,2012-06-14_045024903
-0.1092875,0.2159054,2.132955,2012-06-14_045024998
-0.09027607,0.1932758,2.138674,2012-06-14_045025092
-0.07680237,0.182931,2.140929,2012-06-14_045025166
-0.06169812,0.1785712,2.138956,2012-06-14_045025241
-0.02610015,0.1900772,2.132358,2012-06-14_045025333
-0.0005861158,0.2033742,2.127288,2012-06-14_045025409
0.05590547,0.2191388,2.093778,2012-06-14_045025496
0.0942665,0.2799411,2.101541,2012-06-14_045025597
0.1166681,0.3315593,2.127253,2012-06-14_045025672
0.1244528,0.3665823,2.150985,2012-06-14_045025759
0.1298433,0.4113582,2.174304,2012-06-14_045025840
0.1310983,0.4349236,2.18476,2012-06-14_045025929
0.1338839,0.446176,2.192629,2012-06-14_045026012
0.1410582,0.4744822,2.208179,2012-06-14_045026173
0.1552503,0.5171818,2.222192,2012-06-14_045026255
0.1478271,0.5432315,2.236307,2012-06-14_045026323
0.1423397,0.5638941,2.24879,2012-06-14_045026407
0.1314853,0.5809049,2.269816,2012-06-14_045026492
0.1211601,0.5849749,2.295001,2012-06-14_045026586
0.1332446,0.6040067,2.303065,2012-06-14_045026662
0.148947,0.6157033,2.295418,2012-06-14_045026740
0.171438,0.5904701,2.27965,2012-06-14_045026826
0.2024617,0.4952185,2.245929,2012-06-14_045026902
0.1800229,0.4362637,2.231681,2012-06-14_045026992
0.1483839,0.3587564,2.185905,2012-06-14_045027080
0.1308989,0.2836337,2.093213,2012-06-14_045027166
0.1141045,0.2449291,2.035503,2012-06-14_045027257
0.08103547,0.2095138,1.993578,2012-