-0.01288699,-0.862743,2.286722,2012-06-14_045007596
-0.009352447,-0.8914646,2.319277,2012-06-14_045007735
-0.01207299,-0.8664181,2.288129,2012-06-14_045007827
-0.01259476,-0.8618051,2.282197,2012-06-14_045007917
-0.01285521,-0.8605583,2.27964,2012-06-14_045008034
-0.01276721,-0.8619037,2.280598,2012-06-14_045008109
-0.01255403,-0.8648487,2.282861,2012-06-14_045008210
-0.01248062,-0.8658617,2.283643,2012-06-14_045008301
-0.01231503,-0.8668955,2.284456,2012-06-14_045008392
-0.01221193,-0.8674015,2.284797,2012-06-14_045008472
-0.01207861,-0.8679093,2.285089,2012-06-14_045008562
-0.01205065,-0.8680683,2.285171,2012-06-14_045008636
-0.01203974,-0.8681484,2.285208,2012-06-14_045008711
-0.0121222,-0.8682989,2.285098,2012-06-14_045008796
-0.0122317,-0.8684828,2.284879,2012-06-14_045008874
-0.01255157,-0.8691416,2.284069,2012-06-14_045008961
-0.01281822,-0.8698782,2.283128,2012-06-14_045009040
-0.01310012,-0.8710013,2.281445,2012-06-14_045009132
-0.01316924,-0.8717508,2.280399,2012-06-14_045009206
-0.01312853,-0.872947,2.278788,2012-06-14_045009293
-0.0130726,-0.8740586,2.2775,2012-06-14_045009372
-0.01294531,-0.8758357,2.275055,2012-06-14_045009459
-0.01331348,-0.8765359,2.269307,2012-06-14_045009540
-0.0185872,-0.8545829,2.224523,2012-06-14_045009624
-0.02081751,-0.8341646,2.188055,2012-06-14_045009704
-0.01741882,-0.8108943,2.145525,2012-06-14_045009797
-0.01468893,-0.7988597,2.122436,2012-06-14_045009869
-0.01426109,-0.7924777,2.091627,2012-06-14_045009946
-0.01936138,-0.788935,2.066864,2012-06-14_045010039
-0.03978454,-0.7734117,2.025668,2012-06-14_045010132
-0.05608853,-0.7611231,1.997264,2012-06-14_045010201
-0.06720762,-0.7519759,1.971671,2012-06-14_045010281
-0.07516464,-0.7497348,1.922477,2012-06-14_045010368
-0.07982145,-0.759078,1.8828,2012-06-14_045010440
-0.08062249,-0.8403655,1.807093,2012-06-14_045010526
-0.0811101,-0.8533316,1.787878,2012-06-14_045010600
-0.08098324,-0.8580018,1.772011,2012-06-14_045010670
-0.08066772,-0.8582771,1.746723,2012-06-14_045010771
-0.0810641,-0.8590229,1.737851,2012-06-14_045010841
-0.08809876,-0.8672197,1.698152,2012-06-14_045010936
-0.1252536,-0.8832272,1.687636,2012-06-14_045011004
-0.1492767,-0.8938679,1.682149,2012-06-14_045011092
-0.1712555,-0.9027265,1.692035,2012-06-14_045011175
-0.1943566,-0.9112138,1.711448,2012-06-14_045011269
-0.2014813,-0.9147926,1.724526,2012-06-14_045011361
-0.1918968,-0.9148701,1.730287,2012-06-14_045011441
-0.1712412,-0.9048226,1.741922,2012-06-14_045011535
-0.1702637,-0.8870944,1.762907,2012-06-14_045011609
-0.1660797,-0.8668392,1.77352,2012-06-14_045011708
-0.1594788,-0.8396454,1.780414,2012-06-14_045011793
-0.15811,-0.8240649,1.78704,2012-06-14_045011872
-0.165392,-0.6542188,1.830633,2012-06-14_045011944
-0.1663309,-0.6140871,1.838703,2012-06-14_045012037
-0.1708637,-0.6791052,1.858624,2012-06-14_045012129
-0.1696218,-0.6804664,1.862818,2012-06-14_045012211
-0.1701735,-0.6410782,1.890018,2012-06-14_045012307
-0.1741335,-0.6251567,1.907743,2012-06-14_045012374
-0.1829593,-0.6179793,1.947333,2012-06-14_045012450
-0.1704099,-0.6420078,1.983865,2012-06-14_045012539
-0.09464023,-0.7023875,2.052882,2012-06-14_045012629
-0.01485224,-0.7426677,2.094341,2012-06-14_045012702
0.1122349,-0.7756417,2.150696,2012-06-14_045012787
0.1892238,-0.7803522,2.185782,2012-06-14_045012863
0.2736591,-0.7740328,2.22402,2012-06-14_045012941
0.3771189,-0.7400156,2.282701,2012-06-14_045013029
0.3609706,-0.6654705,2.240982,2012-06-14_045013112
0.3826559,-0.596292,2.260663,2012-06-14_045013202
0.4071994,-0.5457686,2.300377,2012-06-14_045013282
0.4338174,-0.4524298,2.32797,2012-06-14_045013364
0.402246,-0.3826782,2.293129,2012-06-14_045013442
0.4438149,-0.32127,2.316187,2012-06-14_045013534
0.4719972,-0.3151676,2.336932,2012-06-14_045013612
0.4849628,-0.3005052,2.348577,2012-06-14_045013701
0.4779033,-0.2745615,2.344249,2012-06-14_045013791
0.4901869,-0.2628959,2.345242,2012-06-14_045013869
0.4907655,-0.2515458,2.342615,2012-06-14_045013944
0.4849127,-0.2269325,2.33121,2012-06-14_045014062
0.4868053,-0.223958,2.328925,2012-06-14_045014134
0.4883336,-0.2230534,2.323183,2012-06-14_045014214
0.4905982,-0.2265826,2.320525,2012-06-14_045014303
0.4733648,-0.2967434,2.31135,2012-06-14_045014387
0.4651742,-0.321996,2.312421,2012-06-14_045014468
0.4143358,-0.3760537,2.312327,2012-06-14_045014555
0.3686813,-0.4148571,2.309945,2012-06-14_045014633
0.3507687,-0.4760131,2.333667,2012-06-14_045014722
0.353864,-0.4987429,2.341846,2012-06-14_045014801
0.3410382,-0.5500783,2.356664,2012-06-14_045014876
0.3341412,-0.6020415,2.374837,2012-06-14_045014967
0.2961901,-0.6144558,2.349323,2012-06-14_045015058
0.2390245,-0.6127976,2.309756,2012-06-14_045015140
0.2393439,-0.7259465,2.305372,2012-06-14_045015214
0.2586302,-0.8257973,2.347675,2012-06-14_045015299
0.2496874,-0.8856154,2.363328,2012-06-14_045015372
0.1302705,-0.9135464,2.303018,2012-06-14_045015460
0.03408842,-0.8830685,2.235353,2012-06-14_045015533
-0.02551283,-0.8668894,2.20175,2012-06-14_045015612
-0.06859864,-0.8441159,2.159765,2012-06-14_045015707
-0.07903121,-0.8338919,2.145893,2012-06-14_045015775
-0.09061193,-0.8286542,2.13372,2012-06-14_045015857
-0.1193478,-0.8159314,2.1069,2012-06-14_045015953
-0.1349304,-0.8080078,2.092526,2012-06-14_045016030
-0.1451617,-0.8026959,2.081884,2012-06-14_045016111
-0.1527368,-0.7962602,2.068126,2012-06-14_045016196
-0.1542171,-0.7922627,2.059127,2012-06-14_045016273
-0.1537261,-0.7847168,2.042511,2012-06-14_045016364
-0.1540837,-0.7773677,2.024053,2012-06-14_045016454
-0.1568327,-0.772216,2.007298,2012-06-14_045016532
-0.1647803,-0.7653286,1.986823,2012-06-14_045016622
-0.1704689,-0.7615211,1.97486,2012-06-14_045016698
-0.1751727,-0.7583029,1.965542,2012-06-14_045016773
-0.1810791,-0.7527879,1.953903,2012-06-14_045016861
-0.1840916,-0.749407,1.948054,2012-06-14_045016939
-0.1859997,-0.7468487,1.943972,2012-06-14_045017017
-0.1871703,-0.7446513,1.940761,2012-06-14_045017099
-0.187234,-0.7438556,1.939604,2012-06-14_045017182
-0.1847637,-0.7433978,1.939158,2012-06-14_045017257
-0.1807179,-0.7437505,1.940456,2012-06-14_045017337
-0.1742282,-0.7438166,1.943415,2012-06-14_045017409
-0.1605796,-0.7457282,1.950157,2012-06-14_045017492
-0.1532269,-0.7472029,1.954223,2012-06-14_045017569
-0.1442746,-0.7510149,1.960666,2012-06-14_045017655
-0.1396784,-0.7544346,1.965227,2012-06-14_045017733
-0.1362536,-0.7583531,1.969596,2012-06-14_045017824
-0.1352421,-0.760206,1.971535,2012-06-14_045017900
-0.134751,-0.7625908,1.973466,2012-06-14_045017985
-0.1351154,-0.7640994,1.974594,2012-06-14_045018057
-0.1357714,-0.7652265,1.975572,2012-06-14_045018132
-0.1366999,-0.7659453,1.976422,2012-06-14_045018218
-0.1391022,-0.7659147,1.976541,2012-06-14_045018300
-0.1438366,-0.7605553,1.968001,2012-06-14_045018395
-0.1473962,-0.7531893,1.956693,2012-06-14_045018468
-0.1507723,-0.7464093,1.945635,2012-06-14_045018545
-0.1555814,-0.7388582,1.931959,2012-06-14_045018629
-0.1594814,-0.7323286,1.922103,2012-06-14_045018722
-0.1612312,-0.7276217,1.915821,2012-06-14_045018800
-0.1631048,-0.7206164,1.906811,2012-06-14_045018889
-0.1640996,-0.71721,1.902051,2012-06-14_045018963
-0.1647829,-0.7143008,1.898915,2012-06-14_045019034
-0.1654471,-0.7112204,1.896589,2012-06-14_045019123
-0.1656385,-0.7105884,1.895845,2012-06-14_045019207
-0.1664237,-0.71199,1.90014,2012-06-14_045019293
-0.1669756,-0.7181224,1.91497,2012-06-14_045019373
-0.1681779,-0.7324358,1.946547,2012-06-14_045019453
-0.1658045,-0.745594,1.966491,2012-06-14_045019528
-0.1607594,-0.7575399,1.982791,2012-06-14_045019621
-0.1536711,-0.769151,2.00013,2012-06-14_045019686
-0.1506012,-0.7747876,2.009059,2012-06-14_045019762
-0.148805,-0.7793353,2.016649,2012-06-14_045019840
-0.1476313,-0.7829752,2.023239,2012-06-14_045019910
-0.1467756,-0.785951,2.028898,2012-06-14_045019991
-0.1466208,-0.7868633,2.030797,2012-06-14_045020073
-0.1465872,-0.7876273,2.032143,2012-06-14_045020159
-0.1468406,-0.7879491,2.032255,2012-06-14_045020233
-0.1474976,-0.7880659,2.030594,2012-06-14_045020308
-0.1485115,-0.784079,2.017127,2012-06-14_045020388
-0.1490664,-0.7758349,1.999455,2012-06-14_045020466
-0.149667,-0.7543916,1.974256,2012-06-14_045020560
-0.1488046,-0.7430506,1.958632,2012-06-14_045020630
-0.1474663,-0.7323361,1.941693,2012-06-14_045020700
-0.145843,-0.7216445,1.927408,2012-06-14_045020782
-0.1448203,-0.712,1.912476,2012-06-14_045020856
-0.1449968,-0.7073504,1.904913,2012-06-14_045020930
-0.1460732,-0.703917,1.8989,2012-06-14_045021017
-0.1475567,-0.7013206,1.893788,2012-06-14_045021094
-0.1503579,-0.6983997,1.887198,2012-06-14_045021168
-0.1528893,-0.6963848,1.882153,2012-06-14_045021262
-0.1542222,-0.6951863,1.879442,2012-06-14_045021339
-0.15555,-0.6939066,1.876,2012-06-14_045021430
-0.1560197,-0.6935288,1.874099,2012-06-14_045021503
-0.156351,-0.6931483,1.872095,2012-06-14_045021586
-0.156417,-0.692995,1.871359,2012-06-14_045021661
-0.1564577,-0.6929989,1.871009,2012-06-14_045021738
-0.1598839,-0.6932352,1.875558,2012-06-14_045021826
-0.1648361,-0.698799,1.883083,2012-06-14_045021917
-0.1680963,-0.7113395,1.89181,2012-06-14_045021987
-0.1746582,-0.7263822,1.908477,2012-06-14_045022065
-0.180751,-0.7333438,1.921821,2012-06-14_045022154
-0.186504,-0.7412603,1.938201,2012-06-14_045022227
-0.1878995,-0.7481068,1.954954,2012-06-14_045022327
-0.1844309,-0.7533062,1.966061,2012-06-14_045022404
-0.1632985,-0.7666684,1.985807,2012-06-14_045022486
-0.1406001,-0.7739451,1.999206,2012-06-14_045022562
-0.1014759,-0.7809625,2.016698,2012-06-14_045022639
-0.0626105,-0.7797967,2.034212,2012-06-14_045022723
-0.04453396,-0.7779604,2.044559,2012-06-14_045022805
-0.02425236,-0.7770467,2.060059,2012-06-14_045022892
-0.01139081,-0.7778342,2.071352,2012-06-14_045022967
0.002401205,-0.7811701,2.082098,2012-06-14_045023054
0.02250007,-0.7883993,2.098096,2012-06-14_045023130
0.03446648,-0.7932351,2.105749,2012-06-14_045023210
0.04629957,-0.7979009,2.112228,2012-06-14_045023298
0.04986406,-0.7990141,2.114223,2012-06-14_045023372
0.05158473,-0.79954,2.115255,2012-06-14_045023457
0.04308747,-0.7957292,2.114417,2012-06-14_045023529
0.01940828,-0.7909892,2.108523,2012-06-14_045023602
-0.02647932,-0.7918587,2.091352,2012-06-14_045023694
-0.05906272,-0.7939765,2.07684,2012-06-14_045023763
-0.0888849,-0.7980235,2.059682,2012-06-14_045023838
-0.1238881,-0.7942538,2.037259,2012-06-14_045023928
-0.1636188,-0.7815561,2.013314,2012-06-14_045024008
-0.1977574,-0.7603899,1.997139,2012-06-14_045024094
-0.2196414,-0.7516106,1.990602,2012-06-14_045024174
-0.2805533,-0.7614582,1.97495,2012-06-14_045024261
-0.3176904,-0.7593731,1.970127,2012-06-14_045024337
-0.39114,-0.7920094,2.075705,2012-06-14_045024426
-0.440088,-0.7707731,2.083662,2012-06-14_045024505
-0.4698605,-0.7448114,2.066594,2012-06-14_045024593
-0.5450181,-0.6741766,2.141424,2012-06-14_045024675
-0.5817988,-0.5425754,2.072798,2012-06-14_045024756
-0.6608917,-0.5231807,2.15679,2012-06-14_045024832
-0.6522251,-0.538486,2.189148,2012-06-14_045024903
-0.5836139,-0.721054,2.109045,2012-06-14_045024998
-0.4382196,-0.8221136,2.042724,2012-06-14_045025092
-0.3439538,-0.7618335,1.96908,2012-06-14_045025166
-0.2660837,-0.7628332,1.911263,2012-06-14_045025241
-0.1825364,-0.7431611,1.887106,2012-06-14_045025333
-0.1429841,-0.8356862,1.879325,2012-06-14_045025409
-0.1090618,-0.8319561,1.935248,2012-06-14_045025496
-0.06767463,-0.7928077,1.981207,2012-06-14_045025597
-0.03203645,-0.7711998,1.982081,2012-06-14_045025672
0.01517163,-0.7669625,2.009094,2012-06-14_045025759
0.1243656,-0.8016971,2.093838,2012-06-14_045025840
0.3152414,-0.8454151,2.250722,2012-06-14_045025929
0.3208343,-0.7480589,2.229524,2012-06-14_045026012
0.366046,-0.6409498,2.274414,2012-06-14_045026173
0.4050007,-0.5344745,2.280362,2012-06-14_045026255
0.5523597,-0.5012673,2.356445,2012-06-14_045026323
0.5902176,-0.4631825,2.366437,2012-06-14_045026407
0.4910728,-0.4272564,2.35046,2012-06-14_045026492
0.3624452,-0.423636,2.320169,2012-06-14_045026586
0.2551561,-0.4758014,2.285809,2012-06-14_045026662
0.1997193,-0.5617285,2.239937,2012-06-14_045026740
0.1456426,-0.6778621,2.175052,2012-06-14_045026826
0.08229911,-0.819