-0.2458486,-0.8529502,2.267534,2012-06-14_045007596
-0.2452397,-0.8579493,2.271249,2012-06-14_045007735
-0.2451857,-0.8591444,2.272021,2012-06-14_045007827
-0.2451747,-0.859502,2.272289,2012-06-14_045007917
-0.2451744,-0.8598443,2.272568,2012-06-14_045008034
-0.245197,-0.8599434,2.272645,2012-06-14_045008109
-0.2451381,-0.8597708,2.27299,2012-06-14_045008210
-0.2448948,-0.8590158,2.273295,2012-06-14_045008301
-0.2446983,-0.8582786,2.27359,2012-06-14_045008392
-0.2446377,-0.8580616,2.273689,2012-06-14_045008472
-0.2445362,-0.8576576,2.273865,2012-06-14_045008562
-0.2445249,-0.8575426,2.273911,2012-06-14_045008636
-0.2445436,-0.8574935,2.2739,2012-06-14_045008711
-0.2446055,-0.8575074,2.273791,2012-06-14_045008796
-0.2446827,-0.8575615,2.273626,2012-06-14_045008874
-0.2447715,-0.857612,2.273309,2012-06-14_045008961
-0.244831,-0.8575635,2.273049,2012-06-14_045009040
-0.2448718,-0.8574835,2.272711,2012-06-14_045009132
-0.244908,-0.8576972,2.272459,2012-06-14_045009206
-0.244956,-0.8581609,2.27211,2012-06-14_045009293
-0.2451574,-0.8586431,2.271835,2012-06-14_045009372
-0.2458834,-0.8595839,2.271607,2012-06-14_045009459
-0.2464951,-0.860705,2.271632,2012-06-14_045009540
-0.2473188,-0.8627525,2.271597,2012-06-14_045009624
-0.2476446,-0.8639136,2.271567,2012-06-14_045009704
-0.2477861,-0.8646393,2.271528,2012-06-14_045009797
-0.2476971,-0.8651737,2.271494,2012-06-14_045009869
-0.2473874,-0.8658512,2.271336,2012-06-14_045009946
-0.2432835,-0.9108865,2.338494,2012-06-14_045010039
-0.2388714,-0.8950257,2.293627,2012-06-14_045010132
-0.2350689,-0.8791033,2.244256,2012-06-14_045010201
-0.2332817,-0.8747822,2.227004,2012-06-14_045010281
-0.2286491,-0.8788115,2.217111,2012-06-14_045010368
-0.2257146,-0.8826109,2.214616,2012-06-14_045010440
-0.2233717,-0.8869072,2.211296,2012-06-14_045010526
-0.2225602,-0.8898941,2.209238,2012-06-14_045010600
-0.2224502,-0.8920209,2.206678,2012-06-14_045010670
-0.224824,-0.8968279,2.199402,2012-06-14_045010771
-0.2260987,-0.8992062,2.197581,2012-06-14_045010841
-0.2302618,-0.9040641,2.194323,2012-06-14_045010936
-0.2340189,-0.9062132,2.192694,2012-06-14_045011004
-0.2768894,-0.7228777,2.140934,2012-06-14_045011092
-0.2850803,-0.6822988,2.129486,2012-06-14_045011175
-0.2863522,-0.679924,2.12946,2012-06-14_045011269
-0.2880501,-0.7084706,2.149201,2012-06-14_045011361
-0.2908045,-0.7271312,2.167594,2012-06-14_045011441
-0.3003178,-0.7324127,2.195351,2012-06-14_045011535
-0.3045578,-0.7281007,2.204762,2012-06-14_045011609
-0.2732587,-0.7967421,2.146237,2012-06-14_045011708
-0.2642907,-0.8121142,2.133197,2012-06-14_045011793
-0.2672377,-0.8028201,2.143254,2012-06-14_045011872
-0.2830393,-0.7696381,2.169293,2012-06-14_045011944
-0.2923208,-0.7517344,2.187046,2012-06-14_045012037
-0.2978362,-0.7453889,2.200627,2012-06-14_045012129
-0.301989,-0.7470188,2.214545,2012-06-14_045012211
-0.2817408,-0.8612317,2.252273,2012-06-14_045012307
-0.2688659,-0.9199494,2.269573,2012-06-14_045012374
-0.2678748,-0.9204054,2.270226,2012-06-14_045012450
-0.2689791,-0.9024183,2.267132,2012-06-14_045012539
-0.2663987,-0.896558,2.267759,2012-06-14_045012629
-0.26431,-0.8924777,2.268906,2012-06-14_045012702
-0.2621929,-0.8842865,2.269495,2012-06-14_045012787
-0.2615161,-0.8792734,2.269654,2012-06-14_045012863
-0.2615026,-0.8758128,2.269465,2012-06-14_045012941
-0.2622856,-0.8729061,2.268841,2012-06-14_045013029
-0.2633001,-0.8711994,2.268022,2012-06-14_045013112
-0.2739079,-0.8211541,2.25348,2012-06-14_045013202
-0.2703555,-0.8309358,2.255787,2012-06-14_045013282
-0.2665056,-0.8551459,2.262258,2012-06-14_045013364
-0.2659496,-0.8636764,2.264091,2012-06-14_045013442
-0.2659843,-0.8707222,2.264979,2012-06-14_045013534
-0.2661124,-0.8737963,2.2652,2012-06-14_045013612
-0.2661411,-0.8775997,2.265536,2012-06-14_045013701
-0.2650816,-0.8808014,2.266324,2012-06-14_045013791
-0.2636876,-0.8823359,2.26709,2012-06-14_045013869
-0.2630175,-0.8835325,2.268003,2012-06-14_045013944
-0.2617431,-0.8852732,2.269937,2012-06-14_045014062
-0.2616447,-0.8861136,2.271,2012-06-14_045014134
-0.2618459,-0.8873047,2.272546,2012-06-14_045014214
-0.2621225,-0.8881416,2.273513,2012-06-14_045014303
-0.2624604,-0.8891543,2.274382,2012-06-14_045014387
-0.2627295,-0.8896133,2.274791,2012-06-14_045014468
-0.2634742,-0.8897265,2.275219,2012-06-14_045014555
-0.2648624,-0.8891072,2.27541,2012-06-14_045014633
-0.268387,-0.8866836,2.275692,2012-06-14_045014722
-0.2710865,-0.8850302,2.276304,2012-06-14_045014801
-0.2736619,-0.8835908,2.277145,2012-06-14_045014876
-0.2776438,-0.8814213,2.278382,2012-06-14_045014967
-0.2821231,-0.8784832,2.279115,2012-06-14_045015058
-0.2842601,-0.8769998,2.279331,2012-06-14_045015140
-0.2858456,-0.8759408,2.279433,2012-06-14_045015214
-0.2859221,-0.8758082,2.279084,2012-06-14_045015299
-0.2856014,-0.8761483,2.278251,2012-06-14_045015372
-0.2851169,-0.8770019,2.276671,2012-06-14_045015460
-0.2849979,-0.8769186,2.276155,2012-06-14_045015533
-0.2848963,-0.8768774,2.275869,2012-06-14_045015612
-0.2847019,-0.8769037,2.275655,2012-06-14_045015707
-0.2839341,-0.877267,2.275324,2012-06-14_045015775
-0.2794812,-0.8772682,2.271962,2012-06-14_045015857
-0.2709951,-0.8801362,2.264879,2012-06-14_045015953
-0.2667839,-0.8822172,2.261688,2012-06-14_045016030
-0.2639487,-0.8834859,2.259788,2012-06-14_045016111
-0.2613848,-0.8844567,2.258364,2012-06-14_045016196
-0.2601736,-0.884792,2.258068,2012-06-14_045016273
-0.2589445,-0.8850716,2.258101,2012-06-14_045016364
-0.2584212,-0.8848024,2.258516,2012-06-14_045016454
-0.2595267,-0.8825381,2.259039,2012-06-14_045016532
-0.2696799,-0.8609303,2.257576,2012-06-14_045016622
-0.275593,-0.8496279,2.255658,2012-06-14_045016698
-0.2982048,-0.7894087,2.248354,2012-06-14_045016773
-0.3062459,-0.7689136,2.245926,2012-06-14_045016861
-0.3084273,-0.7632747,2.245246,2012-06-14_045016939
-0.3091778,-0.7609181,2.244889,2012-06-14_045017017
-0.3084762,-0.7617557,2.244742,2012-06-14_045017099
-0.3064785,-0.7656688,2.24513,2012-06-14_045017182
-0.2890793,-0.8220716,2.249505,2012-06-14_045017257
-0.285551,-0.8328123,2.250416,2012-06-14_045017337
-0.282804,-0.8393521,2.250953,2012-06-14_045017409
-0.263459,-0.8734737,2.255224,2012-06-14_045017492
-0.2581475,-0.8815345,2.256554,2012-06-14_045017569
-0.2474672,-0.9315364,2.334153,2012-06-14_045017655
-0.2450775,-0.9428068,2.351121,2012-06-14_045017733
-0.2451683,-0.9431077,2.34953,2012-06-14_045017824
-0.2456193,-0.9391826,2.341922,2012-06-14_045017900
-0.2459025,-0.9356357,2.334863,2012-06-14_045017985
-0.247322,-0.9061482,2.285031,2012-06-14_045018057
-0.2488952,-0.8832437,2.246621,2012-06-14_045018132
-0.2497358,-0.8771422,2.23688,2012-06-14_045018218
-0.2515968,-0.8804971,2.24458,2012-06-14_045018300
-0.2532913,-0.8844709,2.253105,2012-06-14_045018395
-0.2546358,-0.8850321,2.256205,2012-06-14_045018468
-0.2559927,-0.884767,2.258105,2012-06-14_045018545
-0.2514394,-0.9185812,2.331016,2012-06-14_045018629
-0.2502027,-0.9267766,2.352087,2012-06-14_045018722
-0.2696982,-0.8786486,2.277169,2012-06-14_045018800
-0.2787982,-0.8565165,2.250584,2012-06-14_045018889
-0.2817185,-0.8490414,2.244536,2012-06-14_045018963
-0.28336,-0.8446168,2.242469,2012-06-14_045019034
-0.2845825,-0.8409852,2.243505,2012-06-14_045019123
-0.2846253,-0.8409223,2.245754,2012-06-14_045019207
-0.283816,-0.8432358,2.25046,2012-06-14_045019293
-0.2832429,-0.8447998,2.252477,2012-06-14_045019373
-0.2818327,-0.8486236,2.25589,2012-06-14_045019453
-0.2767069,-0.8605505,2.259811,2012-06-14_045019528
-0.2717262,-0.8705927,2.262824,2012-06-14_045019621
-0.265688,-0.880307,2.265454,2012-06-14_045019686
-0.2632516,-0.8832366,2.266464,2012-06-14_045019762
-0.2615799,-0.8848224,2.267173,2012-06-14_045019840
-0.2605084,-0.885637,2.267568,2012-06-14_045019910
-0.2594,-0.8862029,2.267799,2012-06-14_045019991
-0.2589224,-0.8863583,2.267841,2012-06-14_045020073
-0.2584266,-0.8864796,2.267793,2012-06-14_045020159
-0.2582159,-0.8865497,2.26772,2012-06-14_045020233
-0.2580665,-0.8866219,2.26764,2012-06-14_045020308
-0.2579309,-0.8869413,2.267319,2012-06-14_045020388
-0.25795,-0.8871482,2.267067,2012-06-14_045020466
-0.2581899,-0.8873045,2.266739,2012-06-14_045020560
-0.2585902,-0.8872539,2.266523,2012-06-14_045020630
-0.2591073,-0.8870724,2.266281,2012-06-14_045020700
-0.2596586,-0.8867559,2.266005,2012-06-14_045020782
-0.2606697,-0.8857902,2.26524,2012-06-14_045020856
-0.2615081,-0.8846554,2.264473,2012-06-14_045020930
-0.2633797,-0.881915,2.262787,2012-06-14_045021017
-0.2654707,-0.8788562,2.261093,2012-06-14_045021094
-0.2710636,-0.8696654,2.257366,2012-06-14_045021168
-0.2732581,-0.866349,2.256117,2012-06-14_045021262
-0.2742783,-0.8649148,2.255625,2012-06-14_045021339
-0.2750368,-0.8638825,2.25527,2012-06-14_045021430
-0.2753457,-0.8635523,2.25515,2012-06-14_045021503
-0.2755976,-0.8633072,2.255071,2012-06-14_045021586
-0.2759778,-0.8582417,2.253336,2012-06-14_045021661
-0.2728548,-0.8671011,2.289708,2012-06-14_045021738
-0.2813884,-0.8501508,2.268693,2012-06-14_045021826
-0.2844133,-0.8464239,2.259731,2012-06-14_045021917
-0.2858934,-0.8378732,2.278339,2012-06-14_045021987
-0.2869078,-0.8274537,2.308313,2012-06-14_045022065
-0.2872982,-0.8244351,2.315546,2012-06-14_045022154
-0.2876845,-0.8221869,2.320448,2012-06-14_045022227
-0.2879507,-0.8209196,2.3221,2012-06-14_045022327
-0.2824947,-0.8417635,2.291924,2012-06-14_045022404
-0.2664181,-0.8848396,2.243129,2012-06-14_045022486
-0.2615732,-0.89341,2.240385,2012-06-14_045022562
-0.2583866,-0.8976758,2.245817,2012-06-14_045022639
-0.2574153,-0.8870832,2.257002,2012-06-14_045022723
-0.2575158,-0.8801343,2.261238,2012-06-14_045022805
-0.2576919,-0.874981,2.264206,2012-06-14_045022892
-0.2577218,-0.873592,2.26506,2012-06-14_045022967
-0.2577314,-0.8728606,2.265508,2012-06-14_045023054
-0.2577291,-0.8723432,2.265794,2012-06-14_045023130
-0.2577294,-0.8721942,2.265843,2012-06-14_045023210
-0.2577786,-0.8717406,2.265757,2012-06-14_045023298
-0.2579009,-0.8713877,2.265598,2012-06-14_045023372
-0.2581798,-0.8710392,2.265342,2012-06-14_045023457
-0.2586925,-0.8705794,2.264997,2012-06-14_045023529
-0.2590343,-0.8703004,2.264812,2012-06-14_045023602
-0.2594544,-0.8710845,2.265131,2012-06-14_045023694
-0.2597429,-0.87147,2.265338,2012-06-14_045023763
-0.2602267,-0.8733736,2.265418,2012-06-14_045023838
-0.260811,-0.8791832,2.265439,2012-06-14_045023928
-0.2696871,-0.8710111,2.26189,2012-06-14_045024008
-0.286385,-0.8304367,2.312358,2012-06-14_045024094
-0.2956321,-0.8105189,2.304747,2012-06-14_045024174
-0.2935632,-0.7604094,2.085449,2012-06-14_045024261
-0.2387741,-0.9286249,2.313363,2012-06-14_045024337
-0.2303805,-0.9631484,2.388289,2012-06-14_045024426
-0.2934152,-0.7746454,2.227081,2012-06-14_045024505
-0.3180882,-0.7095692,2.169859,2012-06-14_045024593
-0.3328393,-0.7187654,2.180941,2012-06-14_045024675
-0.3163031,-0.9172932,2.31147,2012-06-14_045024756
-0.3192195,-0.9054892,2.312366,2012-06-14_045024832
-0.3173288,-0.9061245,2.308478,2012-06-14_045024903
-0.3095843,-0.8912563,2.285933,2012-06-14_045024998
-0.3134433,-0.8526757,2.263024,2012-06-14_045025092
-0.3097095,-0.8587853,2.25743,2012-06-14_045025166
-0.2446119,-0.915893,2.285979,2012-06-14_045025241
-0.2866995,-0.8112335,2.229267,2012-06-14_045025333
-0.3035454,-0.8747464,2.234967,2012-06-14_045025409
-0.3055765,-0.8970137,2.238191,2012-06-14_045025496
-0.2991354,-0.9025518,2.239433,2012-06-14_045025597
-0.2890452,-0.8942822,2.238074,2012-06-14_045025672
-0.2853071,-0.8901119,2.23745,2012-06-14_045025759
-0.2855862,-0.8738376,2.236354,2012-06-14_045025840
-0.2865374,-0.8642122,2.235612,2012-06-14_045025929
-0.2864957,-0.8619581,2.235432,2012-06-14_045026012
-0.2846302,-0.8610974,2.23607,2012-06-14_045026173
-0.2755977,-0.8629569,2.239521,2012-06-14_045026255
-0.2705419,-0.8654388,2.241456,2012-06-14_045026323
-0.2644567,-0.8662453,2.242882,2012-06-14_045026407
-0.254014,-0.8693151,2.245294,2012-06-14_045026492
-0.2458225,-0.870866,2.24674,2012-06-14_045026586
-0.2391863,-0.8710657,2.247543,2012-06-14_045026662
-0.2363442,-0.8711548,2.247814,2012-06-14_045026740
-0.2344154,-0.8722613,2.248283,2012-06-14_045026826
-0.2334959,-0.87470