-0.4017696,-0.1427692,2.248072,2012-06-14_045007595
-0.4036656,-0.1431101,2.248614,2012-06-14_045007735
-0.4045812,-0.1433258,2.249141,2012-06-14_045007827
-0.4050761,-0.1434877,2.249523,2012-06-14_045007917
-0.4058277,-0.143805,2.250137,2012-06-14_045008033
-0.4061109,-0.1438961,2.250252,2012-06-14_045008109
-0.4065464,-0.1441262,2.250003,2012-06-14_045008210
-0.4067082,-0.1442074,2.249532,2012-06-14_045008301
-0.4061835,-0.1432452,2.246124,2012-06-14_045008392
-0.4044491,-0.1398874,2.240335,2012-06-14_045008472
-0.3864745,-0.1243751,2.213603,2012-06-14_045008562
-0.3703427,-0.1124581,2.195907,2012-06-14_045008636
-0.3571339,-0.100647,2.184307,2012-06-14_045008711
-0.3482181,-0.09756644,2.175931,2012-06-14_045008796
-0.3526458,-0.1077712,2.175552,2012-06-14_045008874
-0.4065073,-0.1136813,2.2046,2012-06-14_045008961
-0.4397745,-0.1407362,2.217651,2012-06-14_045009040
-0.5126343,-0.158634,2.22585,2012-06-14_045009132
-0.5891545,-0.1431201,2.222442,2012-06-14_045009206
-0.7002116,-0.09391704,2.211182,2012-06-14_045009293
-0.7797698,-0.05175575,2.210497,2012-06-14_045009372
-0.8798378,0.05376965,2.210279,2012-06-14_045009459
-0.9295753,0.1240739,2.215615,2012-06-14_045009540
-0.9994258,0.2693854,2.219214,2012-06-14_045009624
-0.9942229,0.3604754,2.237331,2012-06-14_045009704
-1.03103,0.4788424,2.232352,2012-06-14_045009797
-1.039375,0.5032132,2.206617,2012-06-14_045009869
-1.036555,0.5913396,2.207633,2012-06-14_045009946
-1.061037,0.6127691,2.191619,2012-06-14_045010039
-1.034282,0.6789583,2.184139,2012-06-14_045010132
-1.037638,0.7009038,2.183782,2012-06-14_045010201
-1.040729,0.7125051,2.185022,2012-06-14_045010281
-1.043393,0.7193295,2.187286,2012-06-14_045010367
-1.046352,0.7148137,2.192136,2012-06-14_045010440
-1.043728,0.6540241,2.202018,2012-06-14_045010526
-1.049715,0.6218879,2.203087,2012-06-14_045010600
-1.059315,0.5620196,2.204898,2012-06-14_045010670
-1.064168,0.4049879,2.218003,2012-06-14_045010771
-1.050987,0.3461587,2.223678,2012-06-14_045010841
-1.065434,0.1752244,2.230614,2012-06-14_045010936
-1.053508,0.06534617,2.22691,2012-06-14_045011004
-0.9846639,-0.08228438,2.214729,2012-06-14_045011092
-0.8940194,-0.1773668,2.20793,2012-06-14_045011175
-0.7636669,-0.2822242,2.165292,2012-06-14_045011269
-0.6278868,-0.3201555,2.150108,2012-06-14_045011361
-0.5727622,-0.3098725,2.145417,2012-06-14_045011441
-0.5675608,-0.2119917,2.144912,2012-06-14_045011535
-0.6120112,-0.1708366,2.133948,2012-06-14_045011609
-0.7192513,-0.09206247,2.122096,2012-06-14_045011708
-0.8532832,-0.01994485,2.108907,2012-06-14_045011793
-0.8799716,0.06152325,2.14836,2012-06-14_045011872
-0.9025315,0.09725171,2.162073,2012-06-14_045011943
-0.9894227,0.2063981,2.19432,2012-06-14_045012037
-0.9929113,0.3263684,2.211332,2012-06-14_045012129
-0.9743137,0.3713944,2.214017,2012-06-14_045012211
-1.01723,0.3888533,2.151148,2012-06-14_045012307
-1.055691,0.3918437,2.103836,2012-06-14_045012374
-1.065256,0.4346162,2.089578,2012-06-14_045012450
-1.061845,0.447788,2.094004,2012-06-14_045012539
-1.067116,0.4238895,2.136397,2012-06-14_045012629
-1.092952,0.3783853,2.174068,2012-06-14_045012702
-1.092721,0.3638384,2.209734,2012-06-14_045012787
-1.111243,0.3379081,2.231131,2012-06-14_045012863
-1.153814,0.2662483,2.265691,2012-06-14_045012941
-1.117459,0.2323097,2.286241,2012-06-14_045013029
-1.113816,0.2186597,2.290525,2012-06-14_045013112
-1.089829,0.1300366,2.330722,2012-06-14_045013202
-1.076636,0.1053037,2.344311,2012-06-14_045013282
-1.102192,0.01795801,2.37819,2012-06-14_045013364
-1.107908,-0.005033073,2.389737,2012-06-14_045013442
-1.101857,-0.02357837,2.411792,2012-06-14_045013534
-1.09499,-0.03408932,2.428346,2012-06-14_045013612
-1.012532,-0.03839053,2.454021,2012-06-14_045013701
-1.020161,-0.0877811,2.471807,2012-06-14_045013791
-1.025897,-0.1072599,2.468308,2012-06-14_045013869
-1.038144,-0.1434495,2.469626,2012-06-14_045013944
-1.032095,-0.1727698,2.466168,2012-06-14_045014062
-1.029271,-0.1822763,2.46591,2012-06-14_045014134
-0.9744037,-0.1980995,2.468802,2012-06-14_045014214
-0.9620011,-0.2017057,2.469892,2012-06-14_045014303
-0.9581829,-0.1993235,2.473068,2012-06-14_045014387
-0.9662486,-0.1894678,2.480189,2012-06-14_045014468
-0.9736221,-0.1319387,2.477765,2012-06-14_045014555
-0.9951869,-0.1175792,2.479616,2012-06-14_045014633
-1.076236,-0.1089156,2.469025,2012-06-14_045014722
-1.032965,-0.06388739,2.450875,2012-06-14_045014801
-1.05268,-0.08668076,2.45008,2012-06-14_045014876
-1.029771,-0.08206678,2.442899,2012-06-14_045014967
-1.030988,-0.0895291,2.443998,2012-06-14_045015058
-1.030393,-0.09428284,2.445489,2012-06-14_045015140
-1.026715,-0.09726149,2.448955,2012-06-14_045015214
-1.032057,-0.08519112,2.453112,2012-06-14_045015299
-1.049295,-0.05718589,2.460265,2012-06-14_045015372
-1.072678,-0.0006431127,2.453989,2012-06-14_045015460
-1.07599,0.0355308,2.445184,2012-06-14_045015533
-1.074044,0.06677938,2.433051,2012-06-14_045015612
-1.087263,0.09348321,2.416568,2012-06-14_045015706
-1.096259,0.105689,2.406638,2012-06-14_045015775
-1.07375,0.1289935,2.394425,2012-06-14_045015857
-1.043207,0.1591969,2.371839,2012-06-14_045015953
-1.031688,0.1712769,2.343493,2012-06-14_045016030
-0.9934571,0.1982896,2.255161,2012-06-14_045016110
-0.9202309,0.1947181,2.16804,2012-06-14_045016196
-0.8583089,0.1855983,2.110094,2012-06-14_045016273
-0.7284083,0.1839509,2.027134,2012-06-14_045016364
-0.5584639,0.1961123,2.007585,2012-06-14_045016454
-0.4871541,0.2034799,2.009048,2012-06-14_045016532
-0.4132401,0.2157427,2.024802,2012-06-14_045016622
-0.3698755,0.2333443,2.010247,2012-06-14_045016698
-0.2902398,0.2465917,2.007047,2012-06-14_045016773
-0.2915389,0.2402028,2.053401,2012-06-14_045016861
-0.3032049,0.2350517,2.063391,2012-06-14_045016938
-0.3099102,0.2313638,2.065397,2012-06-14_045017017
-0.3334538,0.2173073,2.059764,2012-06-14_045017099
-0.3568232,0.2095425,2.051,2012-06-14_045017182
-0.4262433,0.2016356,2.03596,2012-06-14_045017257
-0.482668,0.1983512,2.032105,2012-06-14_045017337
-0.5314869,0.1979784,2.031912,2012-06-14_045017409
-0.6400635,0.1986622,2.041738,2012-06-14_045017492
-0.7008417,0.1996529,2.049475,2012-06-14_045017569
-0.7666812,0.1971747,2.065988,2012-06-14_045017655
-0.7906963,0.194255,2.078348,2012-06-14_045017733
-0.8020427,0.1925411,2.089087,2012-06-14_045017824
-0.8008012,0.1914366,2.093178,2012-06-14_045017900
-0.7533137,0.1791493,2.089461,2012-06-14_045017985
-0.7156619,0.1653823,2.083201,2012-06-14_045018057
-0.6746218,0.1295366,2.056423,2012-06-14_045018132
-0.6475704,0.07941001,2.056936,2012-06-14_045018218
-0.6090215,-0.04229989,2.093096,2012-06-14_045018300
-0.5816409,-0.134821,2.158353,2012-06-14_045018395
-0.574347,-0.1660999,2.211644,2012-06-14_045018468
-0.5736986,-0.1772464,2.259829,2012-06-14_045018544
-0.5752484,-0.1833121,2.315153,2012-06-14_045018629
-0.5816971,-0.1849134,2.355075,2012-06-14_045018722
-0.5872051,-0.1835678,2.375142,2012-06-14_045018800
-0.5925005,-0.1801555,2.390469,2012-06-14_045018889
-0.594757,-0.1773338,2.394826,2012-06-14_045018963
-0.5971912,-0.1734942,2.395013,2012-06-14_045019034
-0.602463,-0.1594175,2.361198,2012-06-14_045019123
-0.6004006,-0.1389794,2.288944,2012-06-14_045019207
-0.5929401,-0.08643168,2.170979,2012-06-14_045019293
-0.5871238,-0.04137247,2.098087,2012-06-14_045019373
-0.5793614,0.05621628,1.995663,2012-06-14_045019453
-0.5600694,0.1654426,1.94494,2012-06-14_045019528
-0.5455,0.2846866,1.911164,2012-06-14_045019621
-0.5418528,0.3606766,1.849715,2012-06-14_045019686
-0.5410464,0.4631712,1.86716,2012-06-14_045019762
-0.5355935,0.5227887,1.879418,2012-06-14_045019840
-0.5250632,0.581158,1.879728,2012-06-14_045019909
-0.5100377,0.6639867,1.891905,2012-06-14_045019991
-0.5061776,0.693229,1.897854,2012-06-14_045020073
-0.5026831,0.7240641,1.90678,2012-06-14_045020159
-0.5060576,0.7224229,1.941103,2012-06-14_045020233
-0.5088465,0.7128109,1.966665,2012-06-14_045020308
-0.4999785,0.666721,1.959802,2012-06-14_045020388
-0.4892681,0.6153829,1.945146,2012-06-14_045020466
-0.4879843,0.517599,1.940555,2012-06-14_045020560
-0.4985649,0.4431099,1.942167,2012-06-14_045020630
-0.5103824,0.3686781,1.944934,2012-06-14_045020700
-0.5211825,0.2853252,1.955315,2012-06-14_045020782
-0.5211439,0.1676944,1.992211,2012-06-14_045020856
-0.517017,0.0990281,2.028884,2012-06-14_045020930
-0.519384,0.06364182,2.048785,2012-06-14_045021017
-0.5298467,0.003559575,2.086445,2012-06-14_045021094
-0.5410448,-0.03529184,2.105242,2012-06-14_045021168
-0.5532026,-0.05188873,2.124005,2012-06-14_045021262
-0.5608374,-0.05834191,2.138063,2012-06-14_045021338
-0.5646041,-0.06197646,2.142773,2012-06-14_045021430
-0.5666288,-0.07787754,2.132562,2012-06-14_045021503
-0.567055,-0.1038067,2.11908,2012-06-14_045021586
-0.5651196,-0.1150686,2.115964,2012-06-14_045021661
-0.5624892,-0.1218841,2.114405,2012-06-14_045021738
-0.5336047,-0.116438,2.099169,2012-06-14_045021826
-0.4916983,-0.0754429,2.053533,2012-06-14_045021917
-0.469215,-0.03760029,2.029868,2012-06-14_045021987
-0.443244,0.001694044,2.021421,2012-06-14_045022064
-0.4313987,0.01140991,2.02431,2012-06-14_045022154
-0.4224388,-0.03986441,2.069055,2012-06-14_045022227
-0.4729676,-0.1147313,2.126322,2012-06-14_045022327
-0.5515382,-0.1503664,2.139685,2012-06-14_045022404
-0.7009225,-0.1125547,2.168313,2012-06-14_045022486
-0.7977741,-0.05659247,2.195302,2012-06-14_045022562
-0.8775296,-0.003006769,2.214359,2012-06-14_045022638
-0.9620944,0.1021973,2.233062,2012-06-14_045022723
-1.030291,0.1912386,2.263694,2012-06-14_045022805
-1.060607,0.2827188,2.321651,2012-06-14_045022892
-1.088561,0.3124223,2.32058,2012-06-14_045022967
-1.121428,0.3538925,2.296069,2012-06-14_045023054
-1.114793,0.3996177,2.3204,2012-06-14_045023130
-1.119821,0.3805504,2.351504,2012-06-14_045023210
-1.104738,0.3459303,2.310911,2012-06-14_045023297
-1.111278,0.2686784,2.31134,2012-06-14_045023372
-1.090966,0.2046002,2.285948,2012-06-14_045023457
-1.048924,0.09663138,2.263586,2012-06-14_045023528
-0.9577588,0.0381923,2.259508,2012-06-14_045023602
-0.8971397,-0.05105859,2.242776,2012-06-14_045023694
-0.8464701,-0.08610625,2.231032,2012-06-14_045023763
-0.8001887,-0.111771,2.220988,2012-06-14_045023838
-0.7587794,-0.1331745,2.216833,2012-06-14_045023928
-0.6787559,-0.1350042,2.212123,2012-06-14_045024008
-0.6285582,-0.1241291,2.211575,2012-06-14_045024094
-0.593571,-0.09253676,2.230175,2012-06-14_045024174
-0.5687339,-0.07525165,2.238058,2012-06-14_045024261
-0.5449108,-0.06725288,2.235087,2012-06-14_045024336
-0.498245,-0.04533689,2.206894,2012-06-14_045024426
-0.4833318,-0.03197984,2.186691,2012-06-14_045024505
-0.3933425,0.1087523,2.069699,2012-06-14_045024593
-0.4092663,0.1257048,2.088357,2012-06-14_045024675
-0.4086472,0.26825,2.025326,2012-06-14_045024756
-0.403495,0.2906995,2.013662,2012-06-14_045024832
-0.4333827,0.2235458,2.066279,2012-06-14_045024903
-0.4042009,0.0336147,2.039244,2012-06-14_045024998
-0.5105898,-0.1244925,2.176092,2012-06-14_045025092
-0.5183757,-0.1517221,2.198101,2012-06-14_045025166
-0.5340697,-0.1730116,2.216846,2012-06-14_045025241
-0.6407306,-0.1857968,2.259542,2012-06-14_045025333
-0.7467038,-0.1734978,2.308489,2012-06-14_045025409
-0.8559254,-0.1336736,2.351243,2012-06-14_045025496
-1.00805,-0.01539419,2.397448,2012-06-14_045025597
-1.079249,0.100378,2.405125,2012-06-14_045025672
-1.085474,0.1826241,2.396611,2012-06-14_045025759
-1.09513,0.2868566,2.377475,2012-06-14_045025840
-1.105127,0.3283709,2.363418,2012-06-14_045025929
-1.111445,0.3571621,2.350689,2012-06-14_045026012
-1.119279,0.3947876,2.302101,2012-06-14_045026173
-1.128541,0.4414942,2.217363,2012-06-14_045026255
-1.097692,0.38765,2.160446,2012-06-14_045026323
-1.072646,0.3406747,2.123727,2012-06-14_045026407
-1.044061,0.2949027,2.10143,2012-06-14_045026492
-1.028178,0.2757119,2.091877,2012-06-14_045026586
-1.01034,0.276679,2.074189,2012-06-14_045026662
-0.9994333,0.2674128,2.061251,2012-06-14_045026740
-1.000948,0.2525057,2.039789,2012-06-14_045026826
-0.9293748,0.1387136,2.068314,2012-06-14_045026902
-0.848814,0.06180475,2.109977,2012-06-14_045026992
-0.7409433,-0.01715971,2.171193,2012-06-14_045027080
