-0.1251573,0.1110329,2.299747,2012-06-14_045007596
-0.1277448,0.11035,2.29994,2012-06-14_045007735
-0.1292948,0.1099809,2.30027,2012-06-14_045007827
-0.1301902,0.1097907,2.300493,2012-06-14_045007917
-0.1316945,0.1095425,2.300952,2012-06-14_045008034
-0.1324968,0.1094373,2.301281,2012-06-14_045008109
-0.1344433,0.1094257,2.302035,2012-06-14_045008210
-0.1355794,0.1094434,2.30241,2012-06-14_045008301
-0.1371745,0.1094723,2.302855,2012-06-14_045008392
-0.1383014,0.1095468,2.303061,2012-06-14_045008472
-0.1406208,0.1101094,2.303084,2012-06-14_045008562
-0.1428001,0.1109625,2.302771,2012-06-14_045008636
-0.1452842,0.1119561,2.302193,2012-06-14_045008711
-0.1499409,0.1134535,2.300712,2012-06-14_045008796
-0.1531167,0.1140335,2.29981,2012-06-14_045008874
-0.1586925,0.1141381,2.299035,2012-06-14_045008961
-0.1624298,0.1136466,2.299129,2012-06-14_045009040
-0.1681627,0.1124584,2.30003,2012-06-14_045009132
-0.1715268,0.1119747,2.300808,2012-06-14_045009206
-0.17762,0.1119002,2.302604,2012-06-14_045009293
-0.182774,0.1125633,2.304127,2012-06-14_045009372
-0.1923626,0.1156351,2.307136,2012-06-14_045009459
-0.1985736,0.1189778,2.309479,2012-06-14_045009540
-0.2062083,0.1247341,2.313234,2012-06-14_045009624
-0.2102973,0.1296672,2.316106,2012-06-14_045009704
-0.2154669,0.1413428,2.321332,2012-06-14_045009797
-0.2177692,0.1488141,2.323925,2012-06-14_045009869
-0.2196571,0.1574334,2.326036,2012-06-14_045009946
-0.2203258,0.1625414,2.326742,2012-06-14_045010039
-0.2208125,0.1681804,2.327032,2012-06-14_045010132
-0.2210309,0.1699791,2.326877,2012-06-14_045010201
-0.2215127,0.1703842,2.325986,2012-06-14_045010281
-0.2247036,0.1546969,2.316121,2012-06-14_045010367
-0.2278586,0.1314581,2.30638,2012-06-14_045010440
-0.2313196,0.09992656,2.295811,2012-06-14_045010526
-0.2323719,0.08612151,2.292141,2012-06-14_045010600
-0.2327743,0.07380924,2.289132,2012-06-14_045010670
-0.2336087,0.0545153,2.28371,2012-06-14_045010771
-0.2343041,0.04389932,2.280647,2012-06-14_045010841
-0.2378423,0.007531973,2.271327,2012-06-14_045010936
-0.2387981,-0.006179252,2.268831,2012-06-14_045011004
-0.2399248,-0.01659663,2.26776,2012-06-14_045011092
-0.2404575,-0.02081991,2.267966,2012-06-14_045011175
-0.2410014,-0.02530058,2.269492,2012-06-14_045011269
-0.2418443,-0.02770103,2.271418,2012-06-14_045011361
-0.2434895,-0.02746056,2.273581,2012-06-14_045011441
-0.2503753,-0.01414452,2.282892,2012-06-14_045011535
-0.2544792,-0.0006085976,2.289287,2012-06-14_045011609
-0.2589481,0.02654548,2.298115,2012-06-14_045011708
-0.2594996,0.05541071,2.305356,2012-06-14_045011793
-0.2597494,0.06921459,2.308067,2012-06-14_045011872
-0.2606597,0.0809774,2.309324,2012-06-14_045011943
-0.2624718,0.1015923,2.311555,2012-06-14_045012037
-0.262847,0.1189178,2.315389,2012-06-14_045012129
-0.2630333,0.1275911,2.318294,2012-06-14_045012211
-0.2635925,0.1399394,2.323884,2012-06-14_045012307
-0.2639176,0.1465113,2.327291,2012-06-14_045012374
-0.264096,0.1545668,2.331965,2012-06-14_045012450
-0.264079,0.1584013,2.334285,2012-06-14_045012539
-0.2639457,0.1618636,2.336344,2012-06-14_045012629
-0.2639919,0.1634786,2.337221,2012-06-14_045012702
-0.2643631,0.1651113,2.338015,2012-06-14_045012787
-0.2649356,0.1659365,2.338268,2012-06-14_045012863
-0.2660629,0.1664008,2.338188,2012-06-14_045012941
-0.269327,0.1666365,2.336993,2012-06-14_045013029
-0.2722535,0.1670372,2.33506,2012-06-14_045013112
-0.2773436,0.1684147,2.330022,2012-06-14_045013202
-0.2810023,0.1700237,2.324782,2012-06-14_045013282
-0.2843461,0.1722098,2.318141,2012-06-14_045013364
-0.2851961,0.1728534,2.315136,2012-06-14_045013442
-0.2860357,0.1723838,2.311019,2012-06-14_045013534
-0.2864597,0.1693482,2.307615,2012-06-14_045013612
-0.286509,0.1608523,2.302995,2012-06-14_045013701
-0.2857986,0.1546425,2.299956,2012-06-14_045013791
-0.284554,0.1523546,2.298984,2012-06-14_045013869
-0.2839667,0.1512945,2.298357,2012-06-14_045013944
-0.2835378,0.1408657,2.298318,2012-06-14_045014062
-0.2864818,0.137403,2.297945,2012-06-14_045014134
-0.2996473,0.1429021,2.291601,2012-06-14_045014214
-0.3032125,0.1416657,2.2894,2012-06-14_045014303
-0.3080208,0.136805,2.286315,2012-06-14_045014387
-0.3059335,0.1322304,2.286594,2012-06-14_045014468
-0.3001234,0.128303,2.288229,2012-06-14_045014555
-0.2995087,0.1275403,2.288392,2012-06-14_045014633
-0.303644,0.1319989,2.287664,2012-06-14_045014722
-0.3048218,0.1367816,2.28721,2012-06-14_045014801
-0.3049764,0.139791,2.286958,2012-06-14_045014876
-0.3018812,0.1421981,2.286933,2012-06-14_045014967
-0.2962302,0.142119,2.287239,2012-06-14_045015058
-0.29316,0.1414276,2.287413,2012-06-14_045015140
-0.2891752,0.1386821,2.287516,2012-06-14_045015214
-0.286567,0.1350493,2.287587,2012-06-14_045015299
-0.2848092,0.1318689,2.287611,2012-06-14_045015372
-0.2836908,0.1292828,2.287652,2012-06-14_045015460
-0.2834154,0.1283901,2.287677,2012-06-14_045015533
-0.283293,0.1279125,2.287689,2012-06-14_045015612
-0.2832008,0.1276822,2.287704,2012-06-14_045015706
-0.2830443,0.1279193,2.287737,2012-06-14_045015775
-0.2812323,0.1295267,2.287942,2012-06-14_045015857
-0.2753305,0.1322668,2.288694,2012-06-14_045015953
-0.2688743,0.1341678,2.289735,2012-06-14_045016030
-0.2634336,0.1349834,2.290748,2012-06-14_045016111
-0.2568111,0.1343152,2.292771,2012-06-14_045016196
-0.2529969,0.1330053,2.294496,2012-06-14_045016273
-0.2488421,0.1310947,2.297036,2012-06-14_045016364
-0.2466455,0.1297387,2.298859,2012-06-14_045016454
-0.2459403,0.1291542,2.299641,2012-06-14_045016532
-0.2455264,0.1284669,2.300434,2012-06-14_045016622
-0.2455661,0.1279952,2.300902,2012-06-14_045016698
-0.2458185,0.1275306,2.301407,2012-06-14_045016773
-0.2468725,0.1267107,2.302465,2012-06-14_045016861
-0.247821,0.1262397,2.30326,2012-06-14_045016939
-0.2487419,0.1258128,2.304015,2012-06-14_045017017
-0.2500222,0.1251724,2.305232,2012-06-14_045017099
-0.2506886,0.1249517,2.306124,2012-06-14_045017182
-0.2511592,0.1248195,2.307479,2012-06-14_045017257
-0.250957,0.124764,2.308848,2012-06-14_045017337
-0.2500031,0.1246757,2.310811,2012-06-14_045017409
-0.2467472,0.1244071,2.314529,2012-06-14_045017492
-0.2438688,0.1243203,2.316827,2012-06-14_045017569
-0.2400253,0.1244633,2.319241,2012-06-14_045017655
-0.2381274,0.1246357,2.320216,2012-06-14_045017733
-0.2360736,0.1249066,2.321097,2012-06-14_045017824
-0.2350892,0.125025,2.321462,2012-06-14_045017900
-0.2340191,0.1250347,2.321845,2012-06-14_045017985
-0.233474,0.1249094,2.3221,2012-06-14_045018057
-0.2330354,0.1246594,2.322423,2012-06-14_045018132
-0.2327866,0.1242564,2.322941,2012-06-14_045018218
-0.2328891,0.1233448,2.324131,2012-06-14_045018300
-0.2337927,0.1225137,2.325969,2012-06-14_045018395
-0.2343914,0.1222312,2.327234,2012-06-14_045018468
-0.2346999,0.1224041,2.328517,2012-06-14_045018545
-0.2350347,0.1229009,2.329926,2012-06-14_045018629
-0.2365129,0.1253506,2.331021,2012-06-14_045018722
-0.2385735,0.1285474,2.331446,2012-06-14_045018800
-0.240901,0.1321729,2.331433,2012-06-14_045018889
-0.2419347,0.1337866,2.331247,2012-06-14_045018963
-0.2426451,0.1348313,2.331053,2012-06-14_045019034
-0.2432654,0.1356209,2.330816,2012-06-14_045019123
-0.2434664,0.1357736,2.330656,2012-06-14_045019207
-0.2435451,0.1357707,2.330439,2012-06-14_045019293
-0.2434999,0.1357007,2.330361,2012-06-14_045019373
-0.2443931,0.1291805,2.330356,2012-06-14_045019453
-0.245671,0.1210258,2.33046,2012-06-14_045019528
-0.2464035,0.1168159,2.330622,2012-06-14_045019621
-0.246998,0.1145023,2.330813,2012-06-14_045019686
-0.2475718,0.1142113,2.330983,2012-06-14_045019762
-0.2488165,0.1147155,2.331181,2012-06-14_045019840
-0.250466,0.1157839,2.331317,2012-06-14_045019910
-0.253053,0.1181702,2.330909,2012-06-14_045019991
-0.2546043,0.1199924,2.330126,2012-06-14_045020073
-0.2564362,0.1221191,2.328667,2012-06-14_045020159
-0.25728,0.1230255,2.327817,2012-06-14_045020233
-0.2578542,0.1235473,2.327177,2012-06-14_045020308
-0.2584199,0.1236332,2.326465,2012-06-14_045020388
-0.2586463,0.1233458,2.326161,2012-06-14_045020466
-0.2584218,0.1220138,2.326463,2012-06-14_045020560
-0.2576018,0.1207145,2.327302,2012-06-14_045020630
-0.2557389,0.1189598,2.328473,2012-06-14_045020700
-0.2530762,0.1171015,2.329515,2012-06-14_045020782
-0.2492235,0.1159539,2.330291,2012-06-14_045020856
-0.2470591,0.1159736,2.330233,2012-06-14_045020930
-0.245176,0.1164308,2.329731,2012-06-14_045021017
-0.2432163,0.1177943,2.328482,2012-06-14_045021094
-0.2413626,0.1197274,2.326258,2012-06-14_045021168
-0.2405701,0.121843,2.323889,2012-06-14_045021262
-0.2404512,0.1233517,2.322373,2012-06-14_045021338
-0.2408131,0.1257744,2.320544,2012-06-14_045021430
-0.2412034,0.1278283,2.319601,2012-06-14_045021503
-0.2418209,0.1309875,2.318547,2012-06-14_045021586
-0.2419779,0.1325542,2.318166,2012-06-14_045021661
-0.2419794,0.1336738,2.318015,2012-06-14_045021738
-0.2442411,0.1254396,2.316661,2012-06-14_045021826
-0.2478101,0.1105859,2.314278,2012-06-14_045021917
-0.249155,0.1048014,2.313328,2012-06-14_045021987
-0.2499946,0.1014793,2.312701,2012-06-14_045022064
-0.2501284,0.1011525,2.312194,2012-06-14_045022154
-0.2502447,0.1026673,2.310263,2012-06-14_045022227
-0.2505786,0.1040688,2.308536,2012-06-14_045022327
-0.2506944,0.1046485,2.30804,2012-06-14_045022404
-0.2505873,0.1056234,2.307947,2012-06-14_045022486
-0.2502386,0.1067549,2.308336,2012-06-14_045022562
-0.2498549,0.1083111,2.30894,2012-06-14_045022639
-0.2495444,0.1119044,2.309908,2012-06-14_045022723
-0.2495495,0.1154423,2.310177,2012-06-14_045022805
-0.2496205,0.1220682,2.30984,2012-06-14_045022892
-0.2500178,0.1274054,2.309168,2012-06-14_045022967
-0.2505552,0.132873,2.308308,2012-06-14_045023054
-0.2510342,0.1384297,2.307178,2012-06-14_045023130
-0.2511753,0.1405882,2.306641,2012-06-14_045023210
-0.2513115,0.1423136,2.306129,2012-06-14_045023298
-0.2513798,0.1427558,2.305875,2012-06-14_045023372
-0.2515329,0.1417865,2.305174,2012-06-14_045023457
-0.2515847,0.1377044,2.303619,2012-06-14_045023529
-0.2514372,0.1348806,2.30277,2012-06-14_045023602
-0.2509976,0.1303704,2.30183,2012-06-14_045023694
-0.2507056,0.1278527,2.301554,2012-06-14_045023763
-0.2505455,0.1256967,2.301449,2012-06-14_045023838
-0.2506116,0.1239247,2.301418,2012-06-14_045023928
-0.2510616,0.1221476,2.301335,2012-06-14_045024008
-0.2539538,0.1211246,2.30062,2012-06-14_045024094
-0.2589237,0.1211072,2.29903,2012-06-14_045024174
-0.2723342,0.1221692,2.29506,2012-06-14_045024261
-0.2823235,0.1236675,2.292659,2012-06-14_045024337
-0.2947151,0.1266211,2.292694,2012-06-14_045024426
-0.3023258,0.1292775,2.294866,2012-06-14_045024505
-0.3064689,0.1305913,2.296367,2012-06-14_045024593
-0.3084739,0.1312878,2.296978,2012-06-14_045024675
-0.3082373,0.1323486,2.297143,2012-06-14_045024756
-0.3075047,0.1336183,2.297203,2012-06-14_045024832
-0.30621,0.1344456,2.297115,2012-06-14_045024903
-0.2998753,0.1213959,2.298695,2012-06-14_045024998
-0.2949543,0.1155394,2.298736,2012-06-14_045025092
-0.294507,0.1119107,2.299512,2012-06-14_045025166
-0.2957595,0.1034836,2.299534,2012-06-14_045025241
-0.2979373,0.09115481,2.296176,2012-06-14_045025333
-0.2980463,0.08694179,2.293979,2012-06-14_045025409
-0.2960862,0.08417851,2.291281,2012-06-14_045025496
-0.2910353,0.0836337,2.287122,2012-06-14_045025597
-0.2840723,0.09099001,2.280936,2012-06-14_045025672
-0.2798829,0.1001793,2.276141,2012-06-14_045025759
-0.2763357,0.1110223,2.271496,2012-06-14_045025840
-0.2751992,0.119899,2.269161,2012-06-14_045025929
-0.2753368,0.1269294,2.269095,2012-06-14_045026012
-0.276281,0.1396213,2.271173,2012-06-14_045026173
-0.2761871,0.1532217,2.277424,2012-06-14_045026255
-0.275648,0.1572142,2.280468,2012-06-14_045026323
-0.274734,0.1597905,2.282956,2012-06-14_045026407
-0.2702943,0.1627251,2.287032,2012-06-14_045026492
-0.2611415,0.1664649,2.290865,2012-06-14_045026586
-0.2499873,0.1692861,2.29279,2012-06-14_045026662
-0.2403815,0.1681923,2.293748,2012-06-14_045026740
-0.2335273,0.1658608,2.294087,2012-06-14_045026826
-0.2267167,0.1604982,2.291541,2012-06-14_045026902
-0.2227545,0.1543718,2.285446,2012-06-14_045026992
-0.2189675,0.1423731,2.269643,2012-06-14_045027080
-0.217471,0.1297424,2.248147,2012-06-14_045027166
-0