-0.2132095,0.02014074,2.279821,2012-06-14_045007596
-0.2155703,0.01959648,2.280124,2012-06-14_045007735
-0.2169577,0.01934674,2.280544,2012-06-14_045007827
-0.2177936,0.01922128,2.280823,2012-06-14_045007917
-0.2192444,0.01904329,2.281358,2012-06-14_045008034
-0.2200663,0.01898457,2.281696,2012-06-14_045008109
-0.2224353,0.0191318,2.282459,2012-06-14_045008210
-0.2237804,0.01922577,2.282818,2012-06-14_045008301
-0.2255569,0.01934917,2.283223,2012-06-14_045008392
-0.2267407,0.01946892,2.283391,2012-06-14_045008472
-0.2293375,0.02006692,2.283328,2012-06-14_045008562
-0.2317705,0.02090317,2.282814,2012-06-14_045008636
-0.2344781,0.02188219,2.281895,2012-06-14_045008711
-0.2390659,0.02337127,2.279731,2012-06-14_045008796
-0.2416585,0.02393468,2.278506,2012-06-14_045008874
-0.2456782,0.02413238,2.277513,2012-06-14_045008961
-0.248258,0.02387195,2.277416,2012-06-14_045009040
-0.252303,0.02300304,2.277713,2012-06-14_045009132
-0.2547584,0.0225373,2.277898,2012-06-14_045009206
-0.2599749,0.02217674,2.278337,2012-06-14_045009293
-0.2652772,0.02248859,2.278695,2012-06-14_045009372
-0.2752946,0.02449874,2.279578,2012-06-14_045009459
-0.2817367,0.02674294,2.280702,2012-06-14_045009540
-0.289751,0.03054763,2.283266,2012-06-14_045009624
-0.2940687,0.03400386,2.285872,2012-06-14_045009704
-0.2991864,0.04253744,2.290515,2012-06-14_045009797
-0.3014304,0.04882117,2.292836,2012-06-14_045009869
-0.3034061,0.05711333,2.294566,2012-06-14_045009946
-0.3041715,0.06202774,2.295017,2012-06-14_045010039
-0.3047511,0.06774499,2.295191,2012-06-14_045010132
-0.3052262,0.06970155,2.294925,2012-06-14_045010201
-0.3068558,0.07002364,2.293471,2012-06-14_045010281
-0.3140408,0.05561227,2.282776,2012-06-14_045010367
-0.3192498,0.03588248,2.273405,2012-06-14_045010440
-0.3239948,0.007019462,2.263602,2012-06-14_045010526
-0.3252968,-0.007600966,2.260246,2012-06-14_045010600
-0.3256542,-0.02064203,2.25764,2012-06-14_045010670
-0.326509,-0.0397687,2.253323,2012-06-14_045010771
-0.3272651,-0.050082,2.251157,2012-06-14_045010841
-0.3305815,-0.08451203,2.2427,2012-06-14_045010936
-0.3309005,-0.09657481,2.240275,2012-06-14_045011004
-0.3314776,-0.1055525,2.239099,2012-06-14_045011092
-0.3318036,-0.1088072,2.239207,2012-06-14_045011175
-0.3321351,-0.1122725,2.241147,2012-06-14_045011269
-0.3328637,-0.1140883,2.244207,2012-06-14_045011361
-0.334573,-0.1131637,2.247523,2012-06-14_045011441
-0.3405724,-0.1017029,2.257097,2012-06-14_045011535
-0.3442764,-0.08928625,2.263672,2012-06-14_045011609
-0.3480505,-0.06511919,2.270804,2012-06-14_045011708
-0.348989,-0.03879498,2.274779,2012-06-14_045011793
-0.3497153,-0.0239037,2.275934,2012-06-14_045011872
-0.3509582,-0.009593779,2.276274,2012-06-14_045011943
-0.3524601,0.00911377,2.276994,2012-06-14_045012037
-0.3518285,0.02381497,2.278832,2012-06-14_045012129
-0.3509346,0.03079144,2.280601,2012-06-14_045012211
-0.3495371,0.04031624,2.284983,2012-06-14_045012307
-0.3488737,0.04561311,2.288316,2012-06-14_045012374
-0.3481641,0.05164769,2.292531,2012-06-14_045012450
-0.3476945,0.05475654,2.294908,2012-06-14_045012539
-0.3468913,0.05779415,2.297461,2012-06-14_045012629
-0.3464817,0.05892049,2.298596,2012-06-14_045012702
-0.3460608,0.05979193,2.299849,2012-06-14_045012787
-0.3459121,0.06003291,2.300585,2012-06-14_045012863
-0.345939,0.05981533,2.30151,2012-06-14_045012941
-0.3462279,0.05907352,2.302872,2012-06-14_045013029
-0.3464354,0.05856436,2.303555,2012-06-14_045013112
-0.3467134,0.05785918,2.304173,2012-06-14_045013202
-0.3468706,0.05735715,2.304258,2012-06-14_045013282
-0.3468608,0.05652675,2.303916,2012-06-14_045013364
-0.3461192,0.05558505,2.303346,2012-06-14_045013442
-0.3445368,0.05372549,2.302353,2012-06-14_045013534
-0.3417463,0.05025937,2.30165,2012-06-14_045013612
-0.3366257,0.044179,2.301182,2012-06-14_045013701
-0.3223645,0.04301243,2.307083,2012-06-14_045013791
-0.3120916,0.04182382,2.315809,2012-06-14_045013869
-0.3073708,0.04121367,2.319767,2012-06-14_045013944
-0.3068985,0.03285416,2.327443,2012-06-14_045014062
-0.311058,0.02797148,2.32918,2012-06-14_045014134
-0.3200786,0.03432041,2.320734,2012-06-14_045014214
-0.324887,0.02018674,2.271618,2012-06-14_045014303
-0.3278978,0.007597074,2.229756,2012-06-14_045014387
-0.3146792,0.01670689,2.317264,2012-06-14_045014468
-0.329621,0.02250993,2.336412,2012-06-14_045014555
-0.3339995,0.02805397,2.32974,2012-06-14_045014633
-0.3439139,0.03673729,2.313867,2012-06-14_045014722
-0.342504,0.0391987,2.308759,2012-06-14_045014801
-0.3397621,0.03987511,2.305396,2012-06-14_045014876
-0.3307591,0.03768316,2.302076,2012-06-14_045014967
-0.3213601,0.03345887,2.300262,2012-06-14_045015058
-0.3179444,0.03155402,2.299659,2012-06-14_045015140
-0.315725,0.02935351,2.298905,2012-06-14_045015214
-0.3155933,0.02707324,2.297859,2012-06-14_045015299
-0.3170779,0.02425062,2.296499,2012-06-14_045015372
-0.3241847,0.02073805,2.293773,2012-06-14_045015460
-0.3300509,0.01966178,2.29164,2012-06-14_045015533
-0.3359472,0.0195722,2.289242,2012-06-14_045015612
-0.3418621,0.02057707,2.286274,2012-06-14_045015706
-0.3440966,0.02137869,2.284931,2012-06-14_045015775
-0.3457094,0.02280006,2.28329,2012-06-14_045015857
-0.3455748,0.02489999,2.281541,2012-06-14_045015953
-0.3440804,0.02700501,2.280101,2012-06-14_045016030
-0.3422317,0.0288335,2.278849,2012-06-14_045016111
-0.3391439,0.03086502,2.277532,2012-06-14_045016196
-0.3366246,0.0318826,2.277,2012-06-14_045016273
-0.3332461,0.03294583,2.276688,2012-06-14_045016364
-0.331113,0.03351511,2.276672,2012-06-14_045016454
-0.3302811,0.03374309,2.276705,2012-06-14_045016532
-0.3295641,0.03397175,2.276724,2012-06-14_045016622
-0.3292814,0.03408977,2.276724,2012-06-14_045016698
-0.3290655,0.03424216,2.276758,2012-06-14_045016773
-0.3288771,0.03464504,2.27707,2012-06-14_045016861
-0.328857,0.03500594,2.277499,2012-06-14_045016939
-0.3288976,0.03532754,2.277949,2012-06-14_045017017
-0.329114,0.03565234,2.278742,2012-06-14_045017099
-0.3293466,0.0358803,2.279472,2012-06-14_045017182
-0.329625,0.036076,2.280448,2012-06-14_045017257
-0.3297241,0.0360031,2.281573,2012-06-14_045017337
-0.3294168,0.03575232,2.283252,2012-06-14_045017409
-0.3275626,0.03488163,2.286618,2012-06-14_045017492
-0.325533,0.03428932,2.288875,2012-06-14_045017569
-0.3227379,0.03382735,2.291202,2012-06-14_045017655
-0.321259,0.03371317,2.2921,2012-06-14_045017733
-0.3194479,0.03375311,2.292827,2012-06-14_045017824
-0.3184934,0.03380014,2.293066,2012-06-14_045017900
-0.3174211,0.03383159,2.293259,2012-06-14_045017985
-0.3169101,0.03379812,2.293359,2012-06-14_045018057
-0.3165252,0.03369481,2.293514,2012-06-14_045018132
-0.3163634,0.03340594,2.293871,2012-06-14_045018218
-0.3166688,0.03250918,2.294958,2012-06-14_045018300
-0.3179808,0.03151722,2.296745,2012-06-14_045018395
-0.3186879,0.03109889,2.297796,2012-06-14_045018468
-0.3189863,0.03098988,2.298908,2012-06-14_045018545
-0.3192341,0.03117404,2.30053,2012-06-14_045018629
-0.3211066,0.0331921,2.303186,2012-06-14_045018722
-0.3239885,0.03594558,2.305531,2012-06-14_045018800
-0.3268493,0.03870675,2.307536,2012-06-14_045018889
-0.3280884,0.0398817,2.308187,2012-06-14_045018963
-0.3289165,0.04062435,2.308537,2012-06-14_045019034
-0.3296335,0.04115023,2.308706,2012-06-14_045019123
-0.3298804,0.04122944,2.308605,2012-06-14_045019207
-0.3299311,0.04110816,2.308258,2012-06-14_045019293
-0.3298449,0.04097325,2.308061,2012-06-14_045019373
-0.3297305,0.03896315,2.307903,2012-06-14_045019453
-0.3296402,0.0354417,2.308131,2012-06-14_045019528
-0.3297043,0.03271146,2.308571,2012-06-14_045019621
-0.3300554,0.03093065,2.308903,2012-06-14_045019686
-0.3308638,0.03067587,2.30886,2012-06-14_045019762
-0.3328488,0.03126038,2.308413,2012-06-14_045019840
-0.335198,0.03252658,2.307736,2012-06-14_045019910
-0.3390038,0.03611564,2.306055,2012-06-14_045019991
-0.3409519,0.03878233,2.304545,2012-06-14_045020073
-0.3430236,0.04184748,2.302425,2012-06-14_045020159
-0.3439431,0.04314428,2.301424,2012-06-14_045020233
-0.3445379,0.04381371,2.300781,2012-06-14_045020308
-0.3451651,0.04366094,2.300219,2012-06-14_045020388
-0.3453813,0.04191754,2.300286,2012-06-14_045020466
-0.3439967,0.03588106,2.302891,2012-06-14_045020560
-0.3422946,0.03187351,2.305486,2012-06-14_045020630
-0.3396122,0.02834984,2.307951,2012-06-14_045020700
-0.3363953,0.02563545,2.309603,2012-06-14_045020782
-0.3318048,0.02441655,2.310428,2012-06-14_045020856
-0.3291446,0.02486935,2.309978,2012-06-14_045020930
-0.3271164,0.02559482,2.309,2012-06-14_045021017
-0.3254056,0.02693968,2.307058,2012-06-14_045021094
-0.3241664,0.02874672,2.304002,2012-06-14_045021168
-0.3240506,0.03025938,2.301453,2012-06-14_045021262
-0.3243315,0.03132482,2.30001,2012-06-14_045021338
-0.3251935,0.03296375,2.298515,2012-06-14_045021430
-0.3258283,0.03415685,2.297929,2012-06-14_045021503
-0.3273233,0.03619971,2.29687,2012-06-14_045021586
-0.3281338,0.0374064,2.296231,2012-06-14_045021661
-0.3284003,0.03872001,2.295672,2012-06-14_045021738
-0.3285459,0.03811541,2.294649,2012-06-14_045021826
-0.3285088,0.03157616,2.293091,2012-06-14_045021917
-0.3283387,0.02673459,2.292169,2012-06-14_045021987
-0.3285348,0.02283349,2.291106,2012-06-14_045022065
-0.3285667,0.02141502,2.289856,2012-06-14_045022154
-0.3295474,0.01984924,2.285367,2012-06-14_045022227
-0.3309873,0.01880283,2.282068,2012-06-14_045022327
-0.3315088,0.01838614,2.281262,2012-06-14_045022404
-0.3318481,0.01801837,2.280967,2012-06-14_045022486
-0.3318712,0.01791331,2.281345,2012-06-14_045022562
-0.3318405,0.01796704,2.281987,2012-06-14_045022639
-0.3318154,0.01864395,2.283252,2012-06-14_045022723
-0.3317433,0.01955761,2.283953,2012-06-14_045022805
-0.3313712,0.02264319,2.284725,2012-06-14_045022892
-0.3313371,0.02676061,2.284784,2012-06-14_045022967
-0.3314924,0.03223041,2.284362,2012-06-14_045023054
-0.3316255,0.03801597,2.283571,2012-06-14_045023130
-0.3316399,0.04032342,2.283143,2012-06-14_045023210
-0.3316852,0.04221472,2.282722,2012-06-14_045023298
-0.3317337,0.0427593,2.28248,2012-06-14_045023372
-0.331821,0.04241628,2.281897,2012-06-14_045023457
-0.3317813,0.03945221,2.280301,2012-06-14_045023529
-0.3315728,0.03706675,2.279424,2012-06-14_045023602
-0.3311211,0.03320571,2.278638,2012-06-14_045023694
-0.3308155,0.03087716,2.278673,2012-06-14_045023763
-0.3307154,0.02869678,2.279097,2012-06-14_045023838
-0.3310275,0.0265527,2.279797,2012-06-14_045023928
-0.3324473,0.0240132,2.281026,2012-06-14_045024008
-0.3383834,0.0228534,2.283273,2012-06-14_045024094
-0.3450992,0.02340499,2.285179,2012-06-14_045024174
-0.3635264,0.02559552,2.290241,2012-06-14_045024261
-0.3757374,0.02737679,2.294097,2012-06-14_045024337
-0.3899488,0.03021245,2.303516,2012-06-14_045024426
-0.4003474,0.03463081,2.313817,2012-06-14_045024505
-0.3989064,0.03536022,2.318357,2012-06-14_045024593
-0.3898954,0.03461985,2.319054,2012-06-14_045024675
-0.384535,0.03626487,2.319208,2012-06-14_045024756
-0.3824093,0.03822513,2.319729,2012-06-14_045024832
-0.3804056,0.03917269,2.319945,2012-06-14_045024903
-0.3680377,0.01350661,2.322675,2012-06-14_045024998
-0.3654525,0.006041821,2.325573,2012-06-14_045025092
-0.3684839,0.003869395,2.330049,2012-06-14_045025166
-0.371298,0.000544578,2.33198,2012-06-14_045025241
-0.3772502,-0.007977866,2.327169,2012-06-14_045025333
-0.3784941,-0.01211421,2.321116,2012-06-14_045025409
-0.3751661,-0.01504987,2.312142,2012-06-14_045025496
-0.3685625,-0.01483602,2.299506,2012-06-14_045025597
-0.3624768,-0.007080832,2.285285,2012-06-14_045025672
-0.3597577,0.0002633887,2.277337,2012-06-14_045025759
-0.3574182,0.008273642,2.270365,2012-06-14_045025840
-0.3561805,0.01357083,2.267254,2012-06-14_045025929
-0.3553857,0.01781639,2.267041,2012-06-14_045026012
-0.3539816,0.02543909,2.268619,2012-06-14_045026173
-0.3484395,0.03535767,2.27707,2012-06-14_045026255
-0.3448743,0.03884031,2.282165,2012-06-14_045026323
-0.3407838,0.04146646,2.286499,2012-06-14_045026407
-0.3305527,0.04468974,2.292056,2012-06-14_045026492
-0.3189333,0.04738489,2.29492,2012-06-14_045026586
-0.3092128,0.048927,2.294965,2012-06-14_045026662
-0.3025173,0.04827936,2.294659,2012-06-14_045026740
-0.2974165,0.04671842,2.293826,2012-06