-0.03142579,0.02228181,2.287914,2012-06-14_045007596
-0.03374413,0.0216867,2.288248,2012-06-14_045007735
-0.03541926,0.02145397,2.288626,2012-06-14_045007827
-0.03643863,0.02135908,2.288867,2012-06-14_045007917
-0.03815584,0.02130396,2.289322,2012-06-14_045008034
-0.03905509,0.02128441,2.289652,2012-06-14_045008109
-0.04091546,0.02135993,2.290273,2012-06-14_045008210
-0.04194568,0.02137674,2.290538,2012-06-14_045008301
-0.04334868,0.02138942,2.290811,2012-06-14_045008392
-0.0442607,0.02144432,2.290891,2012-06-14_045008472
-0.04597638,0.02183845,2.290697,2012-06-14_045008562
-0.04766355,0.02248232,2.290285,2012-06-14_045008636
-0.04975749,0.02326657,2.289653,2012-06-14_045008711
-0.05406615,0.02454147,2.288039,2012-06-14_045008796
-0.05747493,0.02524345,2.287009,2012-06-14_045008874
-0.06393341,0.02574848,2.285962,2012-06-14_045008961
-0.06848613,0.02560375,2.286225,2012-06-14_045009040
-0.07530254,0.02499181,2.288225,2012-06-14_045009132
-0.07895555,0.02497008,2.29,2012-06-14_045009206
-0.08453058,0.02561551,2.293483,2012-06-14_045009293
-0.08833365,0.02634404,2.295851,2012-06-14_045009372
-0.09513478,0.02874182,2.300073,2012-06-14_045009459
-0.09964159,0.03130449,2.30296,2012-06-14_045009540
-0.1057733,0.03618789,2.307138,2012-06-14_045009624
-0.1091132,0.04055383,2.309922,2012-06-14_045009704
-0.1134362,0.05230304,2.315801,2012-06-14_045009797
-0.1154418,0.0601086,2.319363,2012-06-14_045009869
-0.1173925,0.06941433,2.323113,2012-06-14_045009946
-0.1182586,0.07466822,2.324715,2012-06-14_045010039
-0.119023,0.08021736,2.325869,2012-06-14_045010132
-0.1193603,0.08183433,2.326036,2012-06-14_045010201
-0.1202798,0.08141988,2.325154,2012-06-14_045010281
-0.1252011,0.06200163,2.316308,2012-06-14_045010367
-0.1298765,0.03642958,2.307928,2012-06-14_045010440
-0.1338039,0.005451988,2.298787,2012-06-14_045010526
-0.1347301,-0.007440375,2.295699,2012-06-14_045010600
-0.1345096,-0.01965681,2.293102,2012-06-14_045010670
-0.133976,-0.04044287,2.286921,2012-06-14_045010771
-0.134041,-0.04946357,2.283432,2012-06-14_045010841
-0.136862,-0.08355464,2.271646,2012-06-14_045010936
-0.1380362,-0.09588284,2.268302,2012-06-14_045011004
-0.1394663,-0.1058479,2.266526,2012-06-14_045011092
-0.1402599,-0.1100143,2.266272,2012-06-14_045011175
-0.1412687,-0.1140508,2.266935,2012-06-14_045011269
-0.1429019,-0.1161045,2.268156,2012-06-14_045011361
-0.1457322,-0.1153926,2.269591,2012-06-14_045011441
-0.1546398,-0.1005042,2.276441,2012-06-14_045011535
-0.159346,-0.08467183,2.281726,2012-06-14_045011609
-0.163152,-0.05448896,2.292341,2012-06-14_045011708
-0.1611023,-0.0270921,2.30215,2012-06-14_045011793
-0.1600944,-0.01574255,2.305301,2012-06-14_045011872
-0.1601575,-0.006785166,2.306205,2012-06-14_045011943
-0.1606685,0.01399168,2.307374,2012-06-14_045012037
-0.1595583,0.0335387,2.312034,2012-06-14_045012129
-0.158825,0.04491628,2.316609,2012-06-14_045012211
-0.1580031,0.05964949,2.324019,2012-06-14_045012307
-0.1575032,0.06709121,2.328254,2012-06-14_045012374
-0.1565001,0.07594685,2.334534,2012-06-14_045012450
-0.1559342,0.07984365,2.337579,2012-06-14_045012539
-0.1551779,0.08358052,2.340326,2012-06-14_045012629
-0.1551443,0.08644359,2.341966,2012-06-14_045012702
-0.1557535,0.08956235,2.343552,2012-06-14_045012787
-0.1563505,0.09083632,2.344007,2012-06-14_045012863
-0.15711,0.09152739,2.344056,2012-06-14_045012941
-0.1591688,0.0921025,2.343076,2012-06-14_045013029
-0.1611424,0.09331034,2.340935,2012-06-14_045013112
-0.1644211,0.09846552,2.334272,2012-06-14_045013202
-0.1661036,0.1050409,2.32748,2012-06-14_045013282
-0.1661606,0.1137888,2.32015,2012-06-14_045013364
-0.1655483,0.1171236,2.317592,2012-06-14_045013442
-0.165116,0.119753,2.315476,2012-06-14_045013534
-0.1651286,0.1206087,2.314628,2012-06-14_045013612
-0.1654626,0.120638,2.313963,2012-06-14_045013701
-0.1638831,0.1257609,2.308474,2012-06-14_045013791
-0.1642735,0.1270769,2.303919,2012-06-14_045013869
-0.1649095,0.1281467,2.299921,2012-06-14_045013944
-0.1713661,0.1215499,2.294875,2012-06-14_045014062
-0.1746267,0.1183835,2.294238,2012-06-14_045014134
-0.188468,0.1252646,2.2925,2012-06-14_045014214
-0.1965303,0.1022342,2.332109,2012-06-14_045014303
-0.2023108,0.08214922,2.366939,2012-06-14_045014387
-0.1868729,0.09760385,2.303126,2012-06-14_045014468
-0.1840896,0.1037432,2.280188,2012-06-14_045014555
-0.1862851,0.1052161,2.274491,2012-06-14_045014633
-0.1946775,0.10799,2.273028,2012-06-14_045014722
-0.1971443,0.1101034,2.273305,2012-06-14_045014801
-0.1979966,0.1114848,2.274036,2012-06-14_045014876
-0.1963571,0.1125067,2.275225,2012-06-14_045014967
-0.1912804,0.1113318,2.275536,2012-06-14_045015058
-0.1871805,0.1091934,2.274771,2012-06-14_045015140
-0.1817275,0.1011791,2.272612,2012-06-14_045015214
-0.1782219,0.09146123,2.271646,2012-06-14_045015299
-0.1761231,0.08354663,2.270668,2012-06-14_045015372
-0.1753825,0.07632262,2.269426,2012-06-14_045015460
-0.175601,0.07321556,2.268963,2012-06-14_045015533
-0.175868,0.07130559,2.268707,2012-06-14_045015612
-0.1761339,0.06976374,2.268555,2012-06-14_045015706
-0.1761298,0.06911876,2.268553,2012-06-14_045015775
-0.1745336,0.06779307,2.269176,2012-06-14_045015857
-0.1699565,0.06580203,2.271233,2012-06-14_045015953
-0.1647475,0.06428549,2.273596,2012-06-14_045016030
-0.1597708,0.06232535,2.276112,2012-06-14_045016111
-0.1535939,0.05837367,2.28072,2012-06-14_045016196
-0.1505289,0.05578273,2.283833,2012-06-14_045016273
-0.1476179,0.05291829,2.287748,2012-06-14_045016364
-0.1464031,0.05129968,2.290064,2012-06-14_045016454
-0.1462668,0.05062274,2.29094,2012-06-14_045016532
-0.1476424,0.04955981,2.291784,2012-06-14_045016622
-0.1496791,0.04878693,2.292199,2012-06-14_045016698
-0.1520181,0.04824608,2.292514,2012-06-14_045016773
-0.1563436,0.04786788,2.292654,2012-06-14_045016861
-0.1586253,0.04786789,2.292623,2012-06-14_045016939
-0.1602435,0.0478434,2.292629,2012-06-14_045017017
-0.1617269,0.04768758,2.292794,2012-06-14_045017099
-0.1622275,0.04762242,2.292973,2012-06-14_045017182
-0.1619764,0.04747874,2.293957,2012-06-14_045017257
-0.1604765,0.04724553,2.295639,2012-06-14_045017337
-0.1575947,0.0468826,2.298331,2012-06-14_045017409
-0.1515223,0.04611626,2.302926,2012-06-14_045017492
-0.1475052,0.04574969,2.305541,2012-06-14_045017569
-0.1429926,0.04546114,2.308293,2012-06-14_045017655
-0.1410182,0.0453642,2.309463,2012-06-14_045017733
-0.1390437,0.04527148,2.310625,2012-06-14_045017824
-0.1381605,0.04519778,2.31118,2012-06-14_045017900
-0.1372446,0.04497098,2.311869,2012-06-14_045017985
-0.136789,0.04468836,2.312342,2012-06-14_045018057
-0.1364736,0.0443236,2.3128,2012-06-14_045018132
-0.1363509,0.04387005,2.313284,2012-06-14_045018218
-0.1365578,0.04304084,2.314025,2012-06-14_045018300
-0.1373181,0.04226608,2.314981,2012-06-14_045018395
-0.1378075,0.04205049,2.315695,2012-06-14_045018468
-0.1380123,0.04228102,2.316401,2012-06-14_045018545
-0.1383965,0.04317185,2.31705,2012-06-14_045018629
-0.1403175,0.04682504,2.315928,2012-06-14_045018722
-0.1423824,0.05030941,2.314029,2012-06-14_045018800
-0.144543,0.05422156,2.311234,2012-06-14_045018889
-0.1453183,0.05577097,2.309943,2012-06-14_045018963
-0.1457958,0.05669624,2.309083,2012-06-14_045019034
-0.1461349,0.05733384,2.308388,2012-06-14_045019123
-0.1461528,0.0573528,2.308142,2012-06-14_045019207
-0.1458147,0.05709844,2.308042,2012-06-14_045019293
-0.1455063,0.05687604,2.308204,2012-06-14_045019373
-0.1476446,0.05148749,2.309976,2012-06-14_045019453
-0.1508979,0.04451687,2.311634,2012-06-14_045019528
-0.1527628,0.04066165,2.312554,2012-06-14_045019621
-0.1541351,0.03798571,2.31326,2012-06-14_045019686
-0.1549431,0.0371206,2.31367,2012-06-14_045019762
-0.1569067,0.03643544,2.314472,2012-06-14_045019840
-0.1594191,0.03619826,2.315387,2012-06-14_045019910
-0.162978,0.03653511,2.315875,2012-06-14_045019991
-0.1649597,0.03707878,2.315522,2012-06-14_045020073
-0.1676127,0.03776051,2.314037,2012-06-14_045020159
-0.1689583,0.03788219,2.312805,2012-06-14_045020233
-0.1698711,0.03784293,2.31175,2012-06-14_045020308
-0.1706781,0.0373709,2.310417,2012-06-14_045020388
-0.1708957,0.03699891,2.309824,2012-06-14_045020466
-0.1705182,0.03642809,2.309509,2012-06-14_045020560
-0.1689387,0.03600851,2.309753,2012-06-14_045020630
-0.1661018,0.03578864,2.310155,2012-06-14_045020700
-0.1622058,0.03591672,2.310534,2012-06-14_045020782
-0.1560592,0.03740235,2.3106,2012-06-14_045020856
-0.1530515,0.03855796,2.310168,2012-06-14_045020930
-0.1502937,0.04009487,2.309043,2012-06-14_045021017
-0.1474257,0.04213378,2.307215,2012-06-14_045021094
-0.1445236,0.04407765,2.304133,2012-06-14_045021168
-0.1428958,0.04559832,2.300924,2012-06-14_045021262
-0.1423599,0.04666601,2.298804,2012-06-14_045021338
-0.142335,0.04841264,2.295977,2012-06-14_045021430
-0.1424127,0.0500863,2.294182,2012-06-14_045021503
-0.1423051,0.05248955,2.292606,2012-06-14_045021586
-0.1419747,0.05391471,2.292367,2012-06-14_045021661
-0.1418661,0.05549459,2.293272,2012-06-14_045021738
-0.1481384,0.05031444,2.296856,2012-06-14_045021826
-0.1556436,0.04028397,2.297842,2012-06-14_045021917
-0.1587902,0.03561756,2.297979,2012-06-14_045021987
-0.1605751,0.03238305,2.297765,2012-06-14_045022065
-0.160652,0.03135141,2.297352,2012-06-14_045022154
-0.1597915,0.03062835,2.295529,2012-06-14_045022227
-0.1589763,0.02994756,2.293859,2012-06-14_045022327
-0.1583387,0.02954247,2.293669,2012-06-14_045022404
-0.1560983,0.02938038,2.295118,2012-06-14_045022486
-0.1541765,0.02988097,2.296855,2012-06-14_045022562
-0.1525991,0.0306758,2.298475,2012-06-14_045022639
-0.1510197,0.03247191,2.300362,2012-06-14_045022723
-0.15017,0.03474684,2.301395,2012-06-14_045022805
-0.148982,0.03967861,2.302246,2012-06-14_045022892
-0.1485259,0.04350442,2.302299,2012-06-14_045022967
-0.1483276,0.04758821,2.302081,2012-06-14_045023054
-0.1481902,0.05265403,2.301476,2012-06-14_045023130
-0.1481252,0.05480764,2.301113,2012-06-14_045023210
-0.1481503,0.05661745,2.300698,2012-06-14_045023298
-0.1481983,0.05711407,2.300518,2012-06-14_045023372
-0.1484256,0.05654446,2.300064,2012-06-14_045023457
-0.1487563,0.05374786,2.298844,2012-06-14_045023529
-0.1487752,0.05150535,2.297899,2012-06-14_045023602
-0.1485865,0.04769113,2.296307,2012-06-14_045023694
-0.1484744,0.04564046,2.295429,2012-06-14_045023763
-0.1485161,0.04374414,2.29452,2012-06-14_045023838
-0.148857,0.04207069,2.293494,2012-06-14_045023928
-0.1503711,0.04005222,2.290852,2012-06-14_045024008
-0.1569663,0.03887795,2.283332,2012-06-14_045024094
-0.1659173,0.03916524,2.274035,2012-06-14_045024174
-0.1851409,0.03985717,2.257953,2012-06-14_045024261
-0.197065,0.04107694,2.249872,2012-06-14_045024337
-0.2115731,0.04467264,2.245201,2012-06-14_045024426
-0.2199233,0.04818168,2.245196,2012-06-14_045024505
-0.2257189,0.05073219,2.246112,2012-06-14_045024593
-0.2292001,0.05258612,2.246667,2012-06-14_045024675
-0.2304796,0.05461139,2.247106,2012-06-14_045024756
-0.2306933,0.05653699,2.247405,2012-06-14_045024832
-0.2300187,0.05804933,2.247715,2012-06-14_045024903
-0.2270731,0.05321521,2.251264,2012-06-14_045024998
-0.2131829,0.04860749,2.248261,2012-06-14_045025092
-0.2124446,0.04151195,2.249003,2012-06-14_045025166
-0.2145787,0.02748012,2.249063,2012-06-14_045025241
-0.2159016,0.01158938,2.245901,2012-06-14_045025333
-0.2147082,0.007019552,2.244404,2012-06-14_045025409
-0.2096997,0.004510345,2.243395,2012-06-14_045025496
-0.1991149,0.005486505,2.244058,2012-06-14_045025597
-0.1890698,0.01233923,2.24488,2012-06-14_045025672
-0.1829602,0.02020813,2.244637,2012-06-14_045025759
-0.1766135,0.03060724,2.244053,2012-06-14_045025840
-0.1730835,0.04117314,2.24476,2012-06-14_045025929
-0.1710152,0.05041641,2.248062,2012-06-14_045026012
-0.1673012,0.06968536,2.259536,2012-06-14_045026173
-0.1612069,0.09236491,2.279215,2012-06-14_045026255
-0.159073,0.09804144,2.285907,2012-06-14_045026323
-0.157189,0.1018269,2.290729,2012-06-14_045026407
-0.1515837,0.1074277,2.297898,2012-06-14_045026492
-0.1422538,0.114416,2.303903,2012-06-14_045026586
-0.1312015,0.1184551,2.306522,2012-06-14_045026662
-0.1208453,0.1169804,2.306785,2012-06-14_045026740
-0.1135409,0.11324,2.306337,2012-06-14_045026826