0.005160517,-0.4537714,2.297579,2012-06-14_045007596
0.004063433,-0.4546532,2.298021,2012-06-14_045007735
0.003260145,-0.4541408,2.297822,2012-06-14_045007827
0.002804501,-0.4540951,2.297852,2012-06-14_045007917
0.001906789,-0.4543852,2.298045,2012-06-14_045008034
0.001407216,-0.4546685,2.298219,2012-06-14_045008109
0.0005026674,-0.4552155,2.298604,2012-06-14_045008210
9.800175E-05,-0.4554662,2.298779,2012-06-14_045008301
-0.0004873028,-0.4559092,2.299038,2012-06-14_045008392
-0.0009094762,-0.4561476,2.299179,2012-06-14_045008472
-0.001851716,-0.4564762,2.299337,2012-06-14_045008562
-0.003182746,-0.4567788,2.299385,2012-06-14_045008636
-0.005053019,-0.4570689,2.299323,2012-06-14_045008711
-0.008367208,-0.4577112,2.298956,2012-06-14_045008796
-0.01047604,-0.4579722,2.298558,2012-06-14_045008874
-0.0142079,-0.458281,2.297564,2012-06-14_045008961
-0.01748486,-0.458678,2.29637,2012-06-14_045009040
-0.02393923,-0.4587733,2.293336,2012-06-14_045009132
-0.02792993,-0.4585075,2.291285,2012-06-14_045009206
-0.0342171,-0.4572126,2.288186,2012-06-14_045009293
-0.0383267,-0.4562839,2.286255,2012-06-14_045009372
-0.04303255,-0.4556295,2.28421,2012-06-14_045009459
-0.04574174,-0.4551783,2.282704,2012-06-14_045009540
-0.05054894,-0.4514679,2.278418,2012-06-14_045009624
-0.05371391,-0.4466629,2.274356,2012-06-14_045009704
-0.05704302,-0.4343793,2.264294,2012-06-14_045009797
-0.05675478,-0.4253037,2.255875,2012-06-14_045009869
-0.05472183,-0.4096265,2.236987,2012-06-14_045009946
-0.05519687,-0.3994297,2.223575,2012-06-14_045010039
-0.05981631,-0.3909346,2.206722,2012-06-14_045010132
-0.06776633,-0.3878625,2.194838,2012-06-14_045010201
-0.08057528,-0.3849767,2.180694,2012-06-14_045010281
-0.1064536,-0.3909976,2.150061,2012-06-14_045010367
-0.1175281,-0.4033093,2.127886,2012-06-14_045010440
-0.1236089,-0.4095655,2.100003,2012-06-14_045010526
-0.1255378,-0.4083233,2.079303,2012-06-14_045010600
-0.1306196,-0.4104381,2.062076,2012-06-14_045010670
-0.1410693,-0.4179274,2.048218,2012-06-14_045010771
-0.1453916,-0.4247146,2.04335,2012-06-14_045010841
-0.1527648,-0.4449718,2.032717,2012-06-14_045010936
-0.1404008,-0.449101,2.021711,2012-06-14_045011004
-0.1376414,-0.4508086,2.019419,2012-06-14_045011092
-0.1362931,-0.4505599,2.018933,2012-06-14_045011175
-0.1352306,-0.4499685,2.01881,2012-06-14_045011269
-0.1350513,-0.448928,2.0191,2012-06-14_045011361
-0.1451955,-0.4470675,2.022343,2012-06-14_045011441
-0.1629648,-0.4268777,2.029013,2012-06-14_045011535
-0.1564299,-0.3964331,2.021248,2012-06-14_045011609
-0.1632577,-0.3786228,2.028825,2012-06-14_045011708
-0.1770098,-0.3553025,2.044005,2012-06-14_045011793
-0.1797456,-0.3372167,2.047822,2012-06-14_045011872
-0.1431296,-0.28184,2.007669,2012-06-14_045011944
-0.1260414,-0.2523564,1.993772,2012-06-14_045012037
-0.1059908,-0.2052257,1.978429,2012-06-14_045012129
-0.1053467,-0.1980286,1.985823,2012-06-14_045012211
-0.1095928,-0.2184499,2.009205,2012-06-14_045012307
-0.08303146,-0.1445042,1.9876,2012-06-14_045012374
-0.07530314,-0.1236505,1.985361,2012-06-14_045012450
-0.08910196,-0.1809622,2.037412,2012-06-14_045012539
-0.09455936,-0.2334107,2.082937,2012-06-14_045012629
-0.06798668,-0.2446947,2.086121,2012-06-14_045012702
-0.01464283,-0.2502833,2.11172,2012-06-14_045012787
0.02280372,-0.265451,2.140031,2012-06-14_045012863
0.05574322,-0.286982,2.171815,2012-06-14_045012941
0.08402675,-0.2960997,2.205955,2012-06-14_045013029
0.09792683,-0.2741311,2.229546,2012-06-14_045013112
0.1263315,-0.2193087,2.252795,2012-06-14_045013202
0.1288835,-0.1969812,2.258882,2012-06-14_045013282
0.130101,-0.1452645,2.284272,2012-06-14_045013364
0.1488677,-0.1295272,2.301595,2012-06-14_045013442
0.1702168,-0.1118405,2.318486,2012-06-14_045013534
0.203257,-0.1207876,2.323236,2012-06-14_045013612
0.1958597,-0.08407856,2.351317,2012-06-14_045013701
0.1905026,-0.0659409,2.358975,2012-06-14_045013791
0.186439,-0.1156448,2.362813,2012-06-14_045013869
0.176783,-0.13088,2.365325,2012-06-14_045013944
0.1578697,-0.1088712,2.366939,2012-06-14_045014062
0.1735192,-0.05389075,2.362516,2012-06-14_045014134
0.1794084,-0.0400562,2.358149,2012-06-14_045014214
0.1862908,-0.05075113,2.353587,2012-06-14_045014303
0.1920116,-0.06929387,2.347424,2012-06-14_045014387
0.191156,-0.07933518,2.343323,2012-06-14_045014468
0.1828752,-0.0949992,2.335357,2012-06-14_045014555
0.1703864,-0.110318,2.326038,2012-06-14_045014633
0.142116,-0.1345176,2.308167,2012-06-14_045014722
0.1314432,-0.1470613,2.29869,2012-06-14_045014801
0.1208246,-0.1738704,2.276773,2012-06-14_045014876
0.1202046,-0.2026643,2.259459,2012-06-14_045014967
0.1170583,-0.2096314,2.250046,2012-06-14_045015058
0.109584,-0.2496578,2.242993,2012-06-14_045015140
0.1012566,-0.3074687,2.238819,2012-06-14_045015214
0.08351582,-0.3358588,2.231398,2012-06-14_045015299
0.06259467,-0.3585598,2.220407,2012-06-14_045015372
0.02885241,-0.3811737,2.203474,2012-06-14_045015460
0.00226556,-0.3867419,2.194179,2012-06-14_045015533
-0.01912375,-0.3895455,2.188621,2012-06-14_045015612
-0.04638537,-0.388648,2.183257,2012-06-14_045015706
-0.05828195,-0.3914518,2.181715,2012-06-14_045015775
-0.07550301,-0.4026365,2.183523,2012-06-14_045015857
-0.08938783,-0.4089377,2.184323,2012-06-14_045015953
-0.09733284,-0.409422,2.182555,2012-06-14_045016030
-0.1059124,-0.4086695,2.180001,2012-06-14_045016111
-0.1170359,-0.4079557,2.177341,2012-06-14_045016196
-0.1210603,-0.4071026,2.17588,2012-06-14_045016273
-0.1248857,-0.4051736,2.173784,2012-06-14_045016364
-0.1269241,-0.4035585,2.172214,2012-06-14_045016454
-0.1286671,-0.4020483,2.17096,2012-06-14_045016532
-0.1340983,-0.3982914,2.168409,2012-06-14_045016622
-0.1389703,-0.395767,2.16643,2012-06-14_045016698
-0.143165,-0.3937568,2.164987,2012-06-14_045016773
-0.1479926,-0.391082,2.164146,2012-06-14_045016861
-0.1503205,-0.3897013,2.16425,2012-06-14_045016939
-0.1518922,-0.3886801,2.164472,2012-06-14_045017017
-0.1532883,-0.3876891,2.16487,2012-06-14_045017099
-0.1536335,-0.3873768,2.164998,2012-06-14_045017182
-0.1507032,-0.386963,2.164549,2012-06-14_045017257
-0.1428473,-0.3867024,2.163177,2012-06-14_045017337
-0.1351755,-0.3858908,2.162831,2012-06-14_045017409
-0.1265996,-0.3856558,2.163408,2012-06-14_045017492
-0.1235655,-0.3858402,2.164093,2012-06-14_045017569
-0.1193034,-0.387703,2.166125,2012-06-14_045017655
-0.1170947,-0.3896559,2.167508,2012-06-14_045017733
-0.1144404,-0.3929643,2.169408,2012-06-14_045017824
-0.113447,-0.3946905,2.170288,2012-06-14_045017900
-0.1128899,-0.3971746,2.171355,2012-06-14_045017985
-0.1130557,-0.3987779,2.172104,2012-06-14_045018057
-0.1134177,-0.3999743,2.172801,2012-06-14_045018132
-0.1145945,-0.4009081,2.173739,2012-06-14_045018218
-0.1159461,-0.4013655,2.174363,2012-06-14_045018300
-0.1176842,-0.3993877,2.172596,2012-06-14_045018395
-0.1193915,-0.3954892,2.16926,2012-06-14_045018468
-0.1207354,-0.3909739,2.164729,2012-06-14_045018545
-0.1223726,-0.3849981,2.157375,2012-06-14_045018629
-0.1236711,-0.3791242,2.150716,2012-06-14_045018722
-0.1241854,-0.3752157,2.146649,2012-06-14_045018800
-0.1246564,-0.3703095,2.142012,2012-06-14_045018889
-0.1248231,-0.3684254,2.140318,2012-06-14_045018963
-0.1249304,-0.3665685,2.139311,2012-06-14_045019034
-0.1251352,-0.3641929,2.138715,2012-06-14_045019123
-0.1284865,-0.3650975,2.142075,2012-06-14_045019207
-0.1303379,-0.3656757,2.145363,2012-06-14_045019293
-0.1336346,-0.3680575,2.152043,2012-06-14_045019373
-0.1380927,-0.3738151,2.163247,2012-06-14_045019453
-0.1380349,-0.3816038,2.170653,2012-06-14_045019528
-0.1379614,-0.390363,2.177416,2012-06-14_045019621
-0.1352808,-0.4008798,2.186073,2012-06-14_045019686
-0.1337429,-0.4073747,2.192961,2012-06-14_045019762
-0.1327965,-0.412514,2.199055,2012-06-14_045019840
-0.1323465,-0.4160439,2.203487,2012-06-14_045019910
-0.1321903,-0.4188693,2.207234,2012-06-14_045019991
-0.1321641,-0.4197235,2.208409,2012-06-14_045020073
-0.1322522,-0.4205684,2.209469,2012-06-14_045020159
-0.132367,-0.4209464,2.209866,2012-06-14_045020233
-0.1324418,-0.4212137,2.209951,2012-06-14_045020308
-0.132405,-0.4205796,2.208657,2012-06-14_045020388
-0.1316851,-0.4180705,2.20603,2012-06-14_045020466
-0.1267978,-0.4037766,2.19939,2012-06-14_045020560
-0.1202569,-0.3928804,2.189435,2012-06-14_045020630
-0.1155317,-0.3845146,2.180208,2012-06-14_045020700
-0.1123554,-0.3762983,2.172065,2012-06-14_045020782
-0.1108837,-0.3693719,2.163872,2012-06-14_045020856
-0.1110415,-0.366395,2.160151,2012-06-14_045020930
-0.1115648,-0.3643973,2.157345,2012-06-14_045021017
-0.1124202,-0.3628882,2.154692,2012-06-14_045021094
-0.1143131,-0.3608522,2.149938,2012-06-14_045021168
-0.1159759,-0.3592931,2.145616,2012-06-14_045021262
-0.116753,-0.3584505,2.143474,2012-06-14_045021338
-0.1177007,-0.3576755,2.140928,2012-06-14_045021430
-0.1183162,-0.3574601,2.139313,2012-06-14_045021503
-0.1190358,-0.3572001,2.137455,2012-06-14_045021586
-0.1194014,-0.3570381,2.136632,2012-06-14_045021661
-0.1198499,-0.3569604,2.135921,2012-06-14_045021738
-0.1204285,-0.3563153,2.135619,2012-06-14_045021826
-0.1234179,-0.3585918,2.137633,2012-06-14_045021917
-0.1347528,-0.3703729,2.144406,2012-06-14_045021987
-0.1424422,-0.3786921,2.149613,2012-06-14_045022065
-0.1455552,-0.3818367,2.152816,2012-06-14_045022154
-0.1515145,-0.387536,2.160872,2012-06-14_045022227
-0.1541791,-0.3911011,2.16607,2012-06-14_045022327
-0.1541052,-0.3936077,2.169166,2012-06-14_045022404
-0.1462138,-0.4023976,2.177007,2012-06-14_045022486
-0.1314194,-0.4087277,2.183967,2012-06-14_045022562
-0.1170692,-0.4136644,2.190827,2012-06-14_045022639
-0.09483168,-0.4138457,2.202191,2012-06-14_045022723
-0.08235139,-0.411764,2.208655,2012-06-14_045022805
-0.07054967,-0.4107727,2.215908,2012-06-14_045022892
-0.06463834,-0.4111468,2.219968,2012-06-14_045022967
-0.06011384,-0.4113355,2.223128,2012-06-14_045023054
-0.05568977,-0.4116853,2.226218,2012-06-14_045023130
-0.05305014,-0.4123772,2.227963,2012-06-14_045023210
-0.04962992,-0.4135743,2.230086,2012-06-14_045023298
-0.04783184,-0.4141315,2.23104,2012-06-14_045023372
-0.04653483,-0.4145762,2.231659,2012-06-14_045023457
-0.04549427,-0.4151737,2.232179,2012-06-14_045023529
-0.0457879,-0.4159854,2.232091,2012-06-14_045023602
-0.05210084,-0.4187273,2.229732,2012-06-14_045023694
-0.05848874,-0.4186187,2.227582,2012-06-14_045023763
-0.07383776,-0.4264263,2.223224,2012-06-14_045023838
-0.09017099,-0.4287538,2.216906,2012-06-14_045023928
-0.1156235,-0.4208516,2.199111,2012-06-14_045024008
-0.15021,-0.3994355,2.18308,2012-06-14_045024094
-0.1632037,-0.3927611,2.177354,2012-06-14_045024174
-0.1768106,-0.3879747,2.163797,2012-06-14_045024261
-0.1849118,-0.3844494,2.146886,2012-06-14_045024337
-0.1999456,-0.3882362,2.113613,2012-06-14_045024426
-0.1979433,-0.3915825,2.10807,2012-06-14_045024505
-0.1883487,-0.3875604,2.101424,2012-06-14_045024593
-0.246694,-0.309078,1.991015,2012-06-14_045024675
-0.2383208,-0.2386478,1.956963,2012-06-14_045024756
-0.2959276,-0.2330803,1.977337,2012-06-14_045024832
-0.3218362,-0.338244,2.114605,2012-06-14_045024903
-0.3379761,-0.4639595,2.215223,2012-06-14_045024998
-0.2247189,-0.3088706,2.036071,2012-06-14_045025092
-0.2073318,-0.325433,2.012782,2012-06-14_045025166
-0.1905956,-0.3437751,2.024914,2012-06-14_045025241
-0.175107,-0.3877108,2.063761,2012-06-14_045025333
-0.1603453,-0.4098969,2.077263,2012-06-14_045025409
-0.1403525,-0.4199233,2.087266,2012-06-14_045025496
-0.1051097,-0.4200074,2.105015,2012-06-14_045025597
-0.0774502,-0.4149389,2.127831,2012-06-14_045025672
-0.05930684,-0.4124394,2.147918,2012-06-14_045025759
-0.03854787,-0.4029843,2.177586,2012-06-14_045025840
-0.01855022,-0.3764689,2.208511,2012-06-14_045025929
0.03422514,-0.3481343,2.229387,2012-06-14_045026012
0.1222454,-0.256128,2.232618,2012-06-14_045026173
0.1815783,-0.1451061,2.248762,2012-06-14_045026255
0.2218382,-0.1092691,2.254797,2012-06-14_045026323
0.2343842,-0.09293843,2.256424,2012-06-14_045026407
0.2307216,-0.04406993,2.234642,2012-06-14_045026492
0.2307728,0.02395284,2.18042,2012-06-14_045026586
0.2052948,-0.06132894,2.153137,2012-06-14_045026662
0.1716372,-0.1318578,2.134067,2012-06-14_045026740
0.113355,-0.2