-0.2496864,-0.4413898,2.287525,2012-06-14_045007596
-0.2519999,-0.4430224,2.288423,2012-06-14_045007735
-0.2533077,-0.443792,2.289018,2012-06-14_045007827
-0.2540535,-0.4438218,2.289207,2012-06-14_045007917
-0.2551222,-0.4436156,2.289341,2012-06-14_045008034
-0.2554874,-0.4434879,2.289353,2012-06-14_045008109
-0.25617,-0.4429056,2.289219,2012-06-14_045008210
-0.256538,-0.4429017,2.289313,2012-06-14_045008301
-0.2574315,-0.4432978,2.289637,2012-06-14_045008392
-0.2582004,-0.4435404,2.289819,2012-06-14_045008472
-0.2596408,-0.4438488,2.289881,2012-06-14_045008562
-0.2609727,-0.4442154,2.289823,2012-06-14_045008636
-0.2627399,-0.4448556,2.289691,2012-06-14_045008711
-0.2657359,-0.4461656,2.289359,2012-06-14_045008796
-0.2680574,-0.4471947,2.289059,2012-06-14_045008874
-0.2716526,-0.4485188,2.288428,2012-06-14_045008961
-0.2749154,-0.4492197,2.287645,2012-06-14_045009040
-0.2820666,-0.450385,2.285852,2012-06-14_045009132
-0.287246,-0.4509589,2.284846,2012-06-14_045009206
-0.2944437,-0.4509797,2.283573,2012-06-14_045009293
-0.2989569,-0.4504995,2.282963,2012-06-14_045009372
-0.3063917,-0.4493559,2.282824,2012-06-14_045009459
-0.3102019,-0.4485615,2.28303,2012-06-14_045009540
-0.3138146,-0.4475335,2.283373,2012-06-14_045009624
-0.3153971,-0.4468112,2.283548,2012-06-14_045009704
-0.3172906,-0.4453006,2.283561,2012-06-14_045009797
-0.3180897,-0.4440587,2.283408,2012-06-14_045009869
-0.3187639,-0.4410814,2.282582,2012-06-14_045009946
-0.3185526,-0.4385854,2.280968,2012-06-14_045010039
-0.3148823,-0.4325069,2.265983,2012-06-14_045010132
-0.3134287,-0.4284845,2.242724,2012-06-14_045010201
-0.3148745,-0.4286577,2.223711,2012-06-14_045010281
-0.3187366,-0.429747,2.196369,2012-06-14_045010367
-0.3202034,-0.4292646,2.179294,2012-06-14_045010440
-0.3235454,-0.4326568,2.158221,2012-06-14_045010526
-0.3281143,-0.4401999,2.147957,2012-06-14_045010600
-0.3320671,-0.4460015,2.142798,2012-06-14_045010670
-0.3359836,-0.4544289,2.139155,2012-06-14_045010771
-0.336558,-0.456978,2.138191,2012-06-14_045010841
-0.3394604,-0.4724612,2.131852,2012-06-14_045010936
-0.3412068,-0.4841736,2.127542,2012-06-14_045011004
-0.3418881,-0.494581,2.124169,2012-06-14_045011092
-0.3417641,-0.4984665,2.123221,2012-06-14_045011175
-0.3419718,-0.5021563,2.123384,2012-06-14_045011269
-0.3471251,-0.5048701,2.128405,2012-06-14_045011361
-0.3534398,-0.5038028,2.134096,2012-06-14_045011441
-0.3668434,-0.491686,2.147779,2012-06-14_045011535
-0.3744493,-0.4797547,2.157766,2012-06-14_045011609
-0.3803713,-0.4616928,2.171671,2012-06-14_045011708
-0.3769204,-0.4413428,2.18409,2012-06-14_045011793
-0.3715453,-0.4307732,2.190767,2012-06-14_045011872
-0.3637165,-0.4136213,2.200642,2012-06-14_045011944
-0.3590046,-0.3974433,2.213902,2012-06-14_045012037
-0.3598572,-0.3889721,2.230101,2012-06-14_045012129
-0.3612322,-0.3894387,2.245186,2012-06-14_045012211
-0.3543423,-0.4252021,2.284581,2012-06-14_045012307
-0.3517679,-0.4307678,2.296669,2012-06-14_045012374
-0.3505076,-0.423331,2.302035,2012-06-14_045012450
-0.349566,-0.4163538,2.301382,2012-06-14_045012539
-0.3364537,-0.4646648,2.307037,2012-06-14_045012629
-0.3311751,-0.4560882,2.300009,2012-06-14_045012702
-0.3207552,-0.4019189,2.27324,2012-06-14_045012787
-0.3188505,-0.3921094,2.267973,2012-06-14_045012863
-0.3187727,-0.3885334,2.265712,2012-06-14_045012941
-0.3192519,-0.390778,2.265822,2012-06-14_045013029
-0.318511,-0.3918612,2.266369,2012-06-14_045013112
-0.3114482,-0.3914001,2.269353,2012-06-14_045013202
-0.3044215,-0.3900873,2.272951,2012-06-14_045013282
-0.2917505,-0.3872267,2.282611,2012-06-14_045013364
-0.2844213,-0.3872719,2.290011,2012-06-14_045013442
-0.2727792,-0.386888,2.30047,2012-06-14_045013534
-0.2664759,-0.3873249,2.306055,2012-06-14_045013612
-0.2594826,-0.3887392,2.313828,2012-06-14_045013701
-0.2542514,-0.3931394,2.325442,2012-06-14_045013791
-0.2522474,-0.3976192,2.33322,2012-06-14_045013869
-0.251591,-0.4011984,2.339013,2012-06-14_045013944
-0.2544478,-0.4075294,2.34652,2012-06-14_045014062
-0.2571618,-0.4101317,2.348408,2012-06-14_045014134
-0.2610427,-0.4124757,2.349715,2012-06-14_045014214
-0.2630688,-0.4134535,2.349893,2012-06-14_045014303
-0.2645565,-0.4147759,2.349461,2012-06-14_045014387
-0.2652357,-0.416072,2.348427,2012-06-14_045014468
-0.2675575,-0.4167111,2.344905,2012-06-14_045014555
-0.2701111,-0.4149124,2.340515,2012-06-14_045014633
-0.2759627,-0.4112468,2.33181,2012-06-14_045014722
-0.281572,-0.4089715,2.324428,2012-06-14_045014801
-0.287054,-0.4064242,2.316641,2012-06-14_045014876
-0.2928571,-0.4035972,2.308396,2012-06-14_045014967
-0.2961122,-0.4015563,2.303407,2012-06-14_045015058
-0.2979665,-0.4008521,2.300459,2012-06-14_045015140
-0.3005824,-0.4015293,2.295651,2012-06-14_045015214
-0.303112,-0.4085165,2.290796,2012-06-14_045015299
-0.3081634,-0.4232684,2.286247,2012-06-14_045015372
-0.3157711,-0.4356545,2.283407,2012-06-14_045015460
-0.3206695,-0.4396811,2.282968,2012-06-14_045015533
-0.3252986,-0.4422078,2.283384,2012-06-14_045015612
-0.3321943,-0.4451548,2.284577,2012-06-14_045015706
-0.3351161,-0.4464505,2.284892,2012-06-14_045015775
-0.3370737,-0.4481302,2.284904,2012-06-14_045015857
-0.3372351,-0.4513082,2.283903,2012-06-14_045015953
-0.3364052,-0.4529172,2.282386,2012-06-14_045016030
-0.3357035,-0.4541238,2.280801,2012-06-14_045016111
-0.3355621,-0.4548501,2.278438,2012-06-14_045016196
-0.3357602,-0.4549585,2.277176,2012-06-14_045016273
-0.3364474,-0.4545573,2.275651,2012-06-14_045016364
-0.3374844,-0.4540232,2.274669,2012-06-14_045016454
-0.3384979,-0.4535507,2.274177,2012-06-14_045016532
-0.3450279,-0.443508,2.269159,2012-06-14_045016622
-0.3509489,-0.4319636,2.263802,2012-06-14_045016698
-0.3539273,-0.4262656,2.261437,2012-06-14_045016773
-0.3564075,-0.421517,2.25981,2012-06-14_045016861
-0.3574957,-0.4192104,2.25929,2012-06-14_045016939
-0.3581057,-0.4177042,2.258949,2012-06-14_045017017
-0.358513,-0.4164907,2.258665,2012-06-14_045017099
-0.3586145,-0.4160675,2.258569,2012-06-14_045017182
-0.3585384,-0.4157031,2.258507,2012-06-14_045017257
-0.3578744,-0.4155837,2.258546,2012-06-14_045017337
-0.3498817,-0.4268914,2.265097,2012-06-14_045017409
-0.3426493,-0.4368127,2.269813,2012-06-14_045017492
-0.3401754,-0.4379952,2.269577,2012-06-14_045017569
-0.3375191,-0.4408262,2.26921,2012-06-14_045017655
-0.3362075,-0.4423109,2.268591,2012-06-14_045017733
-0.3348262,-0.4439367,2.267461,2012-06-14_045017824
-0.3342758,-0.4439432,2.266217,2012-06-14_045017900
-0.333975,-0.4433225,2.264576,2012-06-14_045017985
-0.3339808,-0.4432318,2.264071,2012-06-14_045018057
-0.3340641,-0.4435977,2.264007,2012-06-14_045018132
-0.3343443,-0.4445844,2.264418,2012-06-14_045018218
-0.3349911,-0.4463639,2.265596,2012-06-14_045018300
-0.335719,-0.4478475,2.267251,2012-06-14_045018395
-0.3364215,-0.4484831,2.268557,2012-06-14_045018468
-0.3369812,-0.448688,2.269657,2012-06-14_045018545
-0.3422964,-0.4184645,2.265453,2012-06-14_045018629
-0.3434986,-0.4136531,2.265999,2012-06-14_045018722
-0.344029,-0.4135725,2.266608,2012-06-14_045018800
-0.3446104,-0.4147623,2.267186,2012-06-14_045018889
-0.3451523,-0.4157681,2.267182,2012-06-14_045018963
-0.3456806,-0.4159859,2.266785,2012-06-14_045019034
-0.3470312,-0.4175951,2.267059,2012-06-14_045019123
-0.3480901,-0.4174194,2.267155,2012-06-14_045019207
-0.3493688,-0.418741,2.268617,2012-06-14_045019293
-0.3494961,-0.4217066,2.270644,2012-06-14_045019373
-0.3495263,-0.4273461,2.273931,2012-06-14_045019453
-0.3497398,-0.4328763,2.27664,2012-06-14_045019528
-0.3498543,-0.4388297,2.279327,2012-06-14_045019621
-0.3494748,-0.4458245,2.28225,2012-06-14_045019686
-0.3492965,-0.4481112,2.283203,2012-06-14_045019762
-0.3492111,-0.4494312,2.283817,2012-06-14_045019840
-0.3505475,-0.4440566,2.282776,2012-06-14_045019910
-0.3523089,-0.4366059,2.280894,2012-06-14_045019991
-0.3525571,-0.4350109,2.280378,2012-06-14_045020073
-0.3523657,-0.4337651,2.279694,2012-06-14_045020159
-0.3519144,-0.4338205,2.279292,2012-06-14_045020233
-0.3513358,-0.4342649,2.278838,2012-06-14_045020308
-0.35019,-0.4362727,2.278393,2012-06-14_045020388
-0.3493145,-0.4379914,2.278334,2012-06-14_045020466
-0.3470674,-0.442257,2.279065,2012-06-14_045020560
-0.345726,-0.4445429,2.27941,2012-06-14_045020630
-0.3446237,-0.446219,2.279515,2012-06-14_045020700
-0.3433906,-0.4424143,2.2761,2012-06-14_045020782
-0.3406621,-0.4344601,2.268128,2012-06-14_045020856
-0.339723,-0.4287368,2.263373,2012-06-14_045020930
-0.3394958,-0.4205577,2.258126,2012-06-14_045021017
-0.3398676,-0.4150928,2.254948,2012-06-14_045021094
-0.3406187,-0.41122,2.252708,2012-06-14_045021168
-0.3412645,-0.409941,2.251601,2012-06-14_045021262
-0.3415347,-0.4133718,2.251764,2012-06-14_045021338
-0.3428702,-0.4122521,2.250906,2012-06-14_045021430
-0.3438845,-0.4104794,2.250194,2012-06-14_045021503
-0.3450801,-0.406404,2.249065,2012-06-14_045021586
-0.2687039,-0.3817263,2.218893,2012-06-14_045021661
-0.3040937,-0.3872259,2.229417,2012-06-14_045021738
-0.3464112,-0.3950873,2.242458,2012-06-14_045021826
-0.3535644,-0.3978342,2.244478,2012-06-14_045021917
-0.3571619,-0.433112,2.255382,2012-06-14_045021987
-0.357397,-0.4300345,2.252924,2012-06-14_045022065
-0.3562363,-0.4230789,2.249854,2012-06-14_045022154
-0.3551497,-0.4173049,2.247199,2012-06-14_045022227
-0.3548558,-0.4155229,2.246215,2012-06-14_045022327
-0.3537836,-0.4219651,2.249788,2012-06-14_045022404
-0.3504888,-0.4382294,2.258824,2012-06-14_045022486
-0.3479563,-0.4451054,2.262427,2012-06-14_045022562
-0.3454036,-0.4497843,2.265023,2012-06-14_045022639
-0.3434042,-0.4524955,2.266675,2012-06-14_045022723
-0.342388,-0.4530568,2.267063,2012-06-14_045022805
-0.3408412,-0.452732,2.266981,2012-06-14_045022892
-0.3400159,-0.4522081,2.266735,2012-06-14_045022967
-0.3392833,-0.4514923,2.266372,2012-06-14_045023054
-0.338057,-0.4496071,2.265524,2012-06-14_045023130
-0.3374665,-0.4483902,2.265004,2012-06-14_045023210
-0.3365389,-0.4463785,2.263978,2012-06-14_045023298
-0.3358146,-0.444752,2.263081,2012-06-14_045023372
-0.3352938,-0.4434812,2.262326,2012-06-14_045023457
-0.3349501,-0.4427053,2.261835,2012-06-14_045023529
-0.3348418,-0.4426872,2.261877,2012-06-14_045023602
-0.3348528,-0.4435751,2.262941,2012-06-14_045023694
-0.3349722,-0.4451072,2.264815,2012-06-14_045023763
-0.3354008,-0.4478668,2.267766,2012-06-14_045023838
-0.3360102,-0.4506439,2.27041,2012-06-14_045023928
-0.3371987,-0.4530786,2.272747,2012-06-14_045024008
-0.3580103,-0.4259413,2.265765,2012-06-14_045024094
-0.3643721,-0.4187984,2.263026,2012-06-14_045024174
-0.3242312,-0.4106065,2.221559,2012-06-14_045024261
-0.2450893,-0.4773718,2.126815,2012-06-14_045024337
-0.2402588,-0.4899696,2.099241,2012-06-14_045024426
-0.2232707,-0.3534325,2.064626,2012-06-14_045024505
-0.2216858,-0.3137739,2.049996,2012-06-14_045024593
-0.2900876,-0.3365887,2.027304,2012-06-14_045024675
-0.3268685,-0.516427,2.338948,2012-06-14_045024756
-0.3427918,-0.461166,2.319462,2012-06-14_045024832
-0.3302,-0.4603807,2.298783,2012-06-14_045024903
-0.3025193,-0.4752162,2.275427,2012-06-14_045024998
-0.4160979,-0.3769206,2.286731,2012-06-14_045025092
-0.4404682,-0.3987404,2.283126,2012-06-14_045025166
-0.4091659,-0.473243,2.271531,2012-06-14_045025241
-0.3795612,-0.4849345,2.260945,2012-06-14_045025333
-0.3640706,-0.4845094,2.251608,2012-06-14_045025409
-0.3544833,-0.4811651,2.244331,2012-06-14_045025496
-0.3442533,-0.4774633,2.235177,2012-06-14_045025597
-0.3383031,-0.4751741,2.230098,2012-06-14_045025672
-0.3362393,-0.4729832,2.229346,2012-06-14_045025759
-0.3374824,-0.4571399,2.235719,2012-06-14_045025840
-0.3377848,-0.4435698,2.242337,2012-06-14_045025929
-0.3330288,-0.4370365,2.244198,2012-06-14_045026012
-0.3077121,-0.4276425,2.240127,2012-06-14_045026173
-0.253151,-0.3922914,2.240943,2012-06-14_045026255
-0.2411557,-0.3874783,2.257269,2012-06-14_045026323
-0.2336351,-0.3855909,2.272358,2012-06-14_045026407
-0.2240717,-0.3837172,2.286502,2012-06-14_045026492
-0.2189149,-0.3826177,2.29217,2012-06-14_045026586
-0.2154702,-0.3820836,2.294061,2012-06-14_045026662
-0.2139347,-0.3821509,2.294176,2012-06-14_045026740
-0.2127472,-0.3841522,2.292981,2012-06-14_045026826
-0.21929