-0.1416221,0.5874848,2.368054,2012-06-14_045007596
-0.1453108,0.5866385,2.367656,2012-06-14_045007735
-0.1468413,0.5863475,2.367801,2012-06-14_045007827
-0.1476109,0.5862187,2.367999,2012-06-14_045007917
-0.1487508,0.5860726,2.368541,2012-06-14_045008034
-0.1492903,0.5859989,2.368985,2012-06-14_045008109
-0.1506364,0.5858079,2.370382,2012-06-14_045008210
-0.1515219,0.5856715,2.371187,2012-06-14_045008301
-0.1530802,0.5854298,2.372359,2012-06-14_045008392
-0.1546762,0.5852724,2.373224,2012-06-14_045008472
-0.1573703,0.5849881,2.374098,2012-06-14_045008562
-0.1594556,0.5847712,2.374311,2012-06-14_045008636
-0.1619818,0.5844603,2.374283,2012-06-14_045008711
-0.1685824,0.5839862,2.374304,2012-06-14_045008796
-0.1736868,0.5836963,2.374472,2012-06-14_045008874
-0.1812921,0.5839534,2.375126,2012-06-14_045008961
-0.1857368,0.5844227,2.375714,2012-06-14_045009040
-0.1940565,0.5852351,2.37659,2012-06-14_045009132
-0.2003954,0.5856537,2.377227,2012-06-14_045009206
-0.2110296,0.5863448,2.378582,2012-06-14_045009293
-0.2179368,0.5869259,2.379833,2012-06-14_045009372
-0.229339,0.5881648,2.382244,2012-06-14_045009459
-0.235988,0.5893604,2.384055,2012-06-14_045009540
-0.2429436,0.591074,2.3867,2012-06-14_045009624
-0.2466556,0.5921949,2.388282,2012-06-14_045009704
-0.2518927,0.5942487,2.390341,2012-06-14_045009797
-0.2550797,0.5958909,2.391086,2012-06-14_045009869
-0.2581879,0.5985392,2.391226,2012-06-14_045009946
-0.2592982,0.6001649,2.390927,2012-06-14_045010039
-0.2601416,0.6023713,2.389614,2012-06-14_045010132
-0.2595274,0.6025304,2.387308,2012-06-14_045010201
-0.2552076,0.5971274,2.381194,2012-06-14_045010281
-0.2465696,0.5726342,2.367483,2012-06-14_045010367
-0.2420443,0.5475816,2.35764,2012-06-14_045010440
-0.2416381,0.5146421,2.345874,2012-06-14_045010526
-0.2426949,0.4999845,2.340297,2012-06-14_045010600
-0.2447879,0.4858534,2.334368,2012-06-14_045010670
-0.2484538,0.4648168,2.326557,2012-06-14_045010771
-0.2497217,0.4585626,2.324708,2012-06-14_045010841
-0.2542358,0.4385549,2.322387,2012-06-14_045010936
-0.2565657,0.4301578,2.322958,2012-06-14_045011004
-0.259173,0.4227203,2.324781,2012-06-14_045011092
-0.260065,0.4201237,2.326265,2012-06-14_045011175
-0.2606752,0.4184191,2.329042,2012-06-14_045011269
-0.2613638,0.4198959,2.333877,2012-06-14_045011361
-0.2626621,0.425785,2.341102,2012-06-14_045011441
-0.2664588,0.4442419,2.355497,2012-06-14_045011535
-0.2699246,0.4590663,2.36385,2012-06-14_045011609
-0.2754772,0.4774258,2.370444,2012-06-14_045011708
-0.2814994,0.5006315,2.376186,2012-06-14_045011793
-0.2845243,0.5147362,2.380727,2012-06-14_045011872
-0.2870271,0.5270378,2.384978,2012-06-14_045011943
-0.291077,0.5436711,2.39155,2012-06-14_045012037
-0.297067,0.5575917,2.397796,2012-06-14_045012129
-0.3033937,0.5663714,2.400804,2012-06-14_045012211
-0.312201,0.5769133,2.403757,2012-06-14_045012307
-0.3154589,0.5806999,2.40444,2012-06-14_045012374
-0.3185268,0.5845394,2.404923,2012-06-14_045012450
-0.3200497,0.5864288,2.404849,2012-06-14_045012539
-0.3232635,0.5893536,2.403823,2012-06-14_045012629
-0.3267094,0.591012,2.401573,2012-06-14_045012702
-0.3346,0.5920975,2.395032,2012-06-14_045012787
-0.3432368,0.5908341,2.387464,2012-06-14_045012863
-0.353929,0.5878333,2.377416,2012-06-14_045012941
-0.3700593,0.581815,2.361103,2012-06-14_045013029
-0.3796219,0.5775251,2.350499,2012-06-14_045013112
-0.3969537,0.5707905,2.333757,2012-06-14_045013202
-0.4099857,0.5653951,2.320964,2012-06-14_045013282
-0.4240558,0.5569788,2.30364,2012-06-14_045013364
-0.4329074,0.5484964,2.291016,2012-06-14_045013442
-0.4413875,0.53644,2.275592,2012-06-14_045013534
-0.4477342,0.5273992,2.26458,2012-06-14_045013612
-0.4598878,0.5137721,2.247875,2012-06-14_045013701
-0.476413,0.4965053,2.233789,2012-06-14_045013791
-0.4866996,0.4857004,2.228006,2012-06-14_045013869
-0.4953664,0.4759561,2.224258,2012-06-14_045013944
-0.5077651,0.4613328,2.217278,2012-06-14_045014062
-0.5116262,0.4565617,2.213733,2012-06-14_045014134
-0.5184486,0.4472944,2.206719,2012-06-14_045014214
-0.5215374,0.4421467,2.201992,2012-06-14_045014303
-0.5234,0.4385416,2.198371,2012-06-14_045014387
-0.5236333,0.4377951,2.197344,2012-06-14_045014468
-0.519117,0.4473395,2.201546,2012-06-14_045014555
-0.5132954,0.4618296,2.210493,2012-06-14_045014633
-0.5067119,0.4846059,2.22837,2012-06-14_045014722
-0.5025365,0.4967888,2.23959,2012-06-14_045014801
-0.4990865,0.5052004,2.248474,2012-06-14_045014876
-0.4946349,0.5144992,2.261192,2012-06-14_045014967
-0.492422,0.519403,2.273091,2012-06-14_045015058
-0.4912139,0.521048,2.281135,2012-06-14_045015140
-0.4867864,0.5244018,2.291473,2012-06-14_045015214
-0.4779817,0.5307279,2.300018,2012-06-14_045015299
-0.4623283,0.5398282,2.309484,2012-06-14_045015372
-0.4385603,0.5537601,2.322331,2012-06-14_045015460
-0.4242361,0.5612277,2.328567,2012-06-14_045015533
-0.4091105,0.567138,2.332042,2012-06-14_045015612
-0.388983,0.5730171,2.336316,2012-06-14_045015706
-0.3788469,0.5748757,2.338464,2012-06-14_045015775
-0.3648224,0.5761454,2.34064,2012-06-14_045015857
-0.3358128,0.5795511,2.34443,2012-06-14_045015953
-0.3205,0.581977,2.348506,2012-06-14_045016030
-0.311065,0.583312,2.351396,2012-06-14_045016111
-0.3020521,0.5842366,2.356287,2012-06-14_045016196
-0.2972132,0.5849253,2.361279,2012-06-14_045016273
-0.2910406,0.58574,2.369456,2012-06-14_045016364
-0.2867767,0.5865454,2.377501,2012-06-14_045016454
-0.2850088,0.5869735,2.382213,2012-06-14_045016532
-0.2729748,0.5471047,2.390707,2012-06-14_045016622
-0.2704647,0.5357748,2.392549,2012-06-14_045016698
-0.2696607,0.5306357,2.393443,2012-06-14_045016773
-0.2716946,0.5275755,2.394053,2012-06-14_045016861
-0.2741384,0.527216,2.394286,2012-06-14_045016938
-0.2761293,0.5273294,2.394488,2012-06-14_045017017
-0.2838536,0.5638114,2.407209,2012-06-14_045017099
-0.2856503,0.5744091,2.412998,2012-06-14_045017182
-0.2858137,0.5880155,2.417638,2012-06-14_045017257
-0.2854834,0.5913349,2.418648,2012-06-14_045017337
-0.2845833,0.5925142,2.418721,2012-06-14_045017409
-0.2821921,0.5919464,2.417827,2012-06-14_045017492
-0.2796979,0.590982,2.4166,2012-06-14_045017569
-0.2751793,0.5895265,2.414262,2012-06-14_045017655
-0.2728398,0.5889116,2.413109,2012-06-14_045017733
-0.270497,0.588295,2.412094,2012-06-14_045017824
-0.2692918,0.5879343,2.411704,2012-06-14_045017900
-0.2678835,0.5874198,2.411385,2012-06-14_045017985
-0.2671541,0.5871195,2.411501,2012-06-14_045018057
-0.2663718,0.5868475,2.412212,2012-06-14_045018132
-0.2653815,0.5863653,2.414732,2012-06-14_045018218
-0.2647286,0.5852536,2.419729,2012-06-14_045018300
-0.265233,0.5842387,2.424825,2012-06-14_045018395
-0.2659463,0.5837287,2.427759,2012-06-14_045018468
-0.2666183,0.5834458,2.429831,2012-06-14_045018544
-0.26735,0.5833077,2.431582,2012-06-14_045018629
-0.2678421,0.5832541,2.432283,2012-06-14_045018722
-0.2681814,0.5832815,2.432418,2012-06-14_045018800
-0.2691222,0.5834615,2.432008,2012-06-14_045018889
-0.2698883,0.5835587,2.431506,2012-06-14_045018963
-0.2707587,0.5835902,2.430912,2012-06-14_045019034
-0.2721626,0.5834624,2.430074,2012-06-14_045019123
-0.2729315,0.5833309,2.429587,2012-06-14_045019207
-0.2738219,0.5830774,2.428988,2012-06-14_045019293
-0.2740388,0.5829587,2.428762,2012-06-14_045019373
-0.2741979,0.5828221,2.428552,2012-06-14_045019453
-0.2742513,0.58275,2.428465,2012-06-14_045019528
-0.2742743,0.5826907,2.428408,2012-06-14_045019621
-0.2742817,0.5826256,2.42835,2012-06-14_045019686
-0.2742626,0.5826032,2.428315,2012-06-14_045019762
-0.2742228,0.5825917,2.428272,2012-06-14_045019840
-0.2741208,0.5826342,2.428172,2012-06-14_045019909
-0.2724513,0.5830601,2.426988,2012-06-14_045019991
-0.2713347,0.5833892,2.426114,2012-06-14_045020073
-0.2698709,0.5836611,2.425035,2012-06-14_045020159
-0.2689695,0.583696,2.424467,2012-06-14_045020233
-0.2682953,0.58368,2.424087,2012-06-14_045020308
-0.2676474,0.5836038,2.423771,2012-06-14_045020388
-0.2674322,0.5834863,2.423718,2012-06-14_045020466
-0.2674066,0.5831272,2.424188,2012-06-14_045020560
-0.267537,0.5828366,2.424736,2012-06-14_045020630
-0.2676771,0.5825449,2.425367,2012-06-14_045020700
-0.2678224,0.5822264,2.426004,2012-06-14_045020782
-0.2680888,0.5817124,2.426808,2012-06-14_045020856
-0.2682467,0.5814257,2.427205,2012-06-14_045020930
-0.2684309,0.5811318,2.427558,2012-06-14_045021017
-0.2686801,0.5808825,2.427763,2012-06-14_045021094
-0.2696184,0.5803567,2.427819,2012-06-14_045021168
-0.2713103,0.5793341,2.42738,2012-06-14_045021262
-0.2723228,0.5787247,2.427034,2012-06-14_045021338
-0.2733253,0.5782346,2.426641,2012-06-14_045021430
-0.2739826,0.5779912,2.426404,2012-06-14_045021503
-0.2747556,0.5777438,2.425674,2012-06-14_045021586
-0.2747975,0.5779024,2.424984,2012-06-14_045021661
-0.2744926,0.5780655,2.424302,2012-06-14_045021738
-0.2740558,0.5782393,2.42319,2012-06-14_045021826
-0.2745343,0.5780141,2.422078,2012-06-14_045021917
-0.2753971,0.5774879,2.42067,2012-06-14_045021987
-0.2778558,0.5763247,2.418041,2012-06-14_045022064
-0.2800268,0.5754507,2.416173,2012-06-14_045022154
-0.2827879,0.5741798,2.413172,2012-06-14_045022227
-0.2849383,0.5729572,2.409606,2012-06-14_045022327
-0.2861819,0.5722258,2.406578,2012-06-14_045022404
-0.28836,0.5714384,2.400418,2012-06-14_045022486
-0.2893282,0.5711979,2.394638,2012-06-14_045022562
-0.2901861,0.5712981,2.389821,2012-06-14_045022639
-0.2927723,0.5720323,2.382687,2012-06-14_045022723
-0.2957283,0.5731556,2.377497,2012-06-14_045022805
-0.2993938,0.5749981,2.371875,2012-06-14_045022892
-0.3011158,0.576024,2.369406,2012-06-14_045022967
-0.3024653,0.5769373,2.367371,2012-06-14_045023054
-0.3037821,0.5780485,2.36467,2012-06-14_045023130
-0.3043178,0.5785909,2.363039,2012-06-14_045023210
-0.3047414,0.579049,2.361187,2012-06-14_045023298
-0.3048601,0.5791825,2.360319,2012-06-14_045023372
-0.3049644,0.5791211,2.359591,2012-06-14_045023457
-0.3050747,0.5789579,2.358973,2012-06-14_045023529
-0.3051359,0.5788468,2.35878,2012-06-14_045023602
-0.3051955,0.5786589,2.35883,2012-06-14_045023694
-0.3051834,0.5784954,2.35923,2012-06-14_045023763
-0.3050672,0.5782508,2.359908,2012-06-14_045023838
-0.304848,0.577983,2.360741,2012-06-14_045023928
-0.3040715,0.5777135,2.36247,2012-06-14_045024008
-0.3031683,0.5778165,2.36417,2012-06-14_045024094
-0.3026927,0.5779945,2.365111,2012-06-14_045024174
-0.3013078,0.5786666,2.366453,2012-06-14_045024261
-0.2995297,0.5796237,2.367212,2012-06-14_045024337
-0.2965564,0.5815508,2.367886,2012-06-14_045024426
-0.2949139,0.5827515,2.368055,2012-06-14_045024505
-0.2935666,0.5838,2.367885,2012-06-14_045024593
-0.2919375,0.5849897,2.365967,2012-06-14_045024675
-0.2912437,0.5856877,2.360365,2012-06-14_045024756
-0.2922352,0.5858002,2.355339,2012-06-14_045024832
-0.2938645,0.5851968,2.35054,2012-06-14_045024903
-0.2972878,0.5822151,2.344821,2012-06-14_045024998
-0.3007606,0.5770219,2.340541,2012-06-14_045025092
-0.3030871,0.5718532,2.337621,2012-06-14_045025166
-0.3050289,0.5661294,2.334766,2012-06-14_045025241
-0.3064741,0.5611724,2.332595,2012-06-14_045025333
-0.3069763,0.5594001,2.331977,2012-06-14_045025409
-0.3073498,0.5582776,2.331702,2012-06-14_045025496
-0.3077855,0.5573983,2.331573,2012-06-14_045025597
-0.3090088,0.5572897,2.331613,2012-06-14_045025672
-0.3116297,0.5584952,2.330983,2012-06-14_045025759
-0.3184888,0.5630363,2.327564,2012-06-14_045025840
-0.3297619,0.570086,2.318202,2012-06-14_045025929
-0.3421366,0.5752079,2.305903,2012-06-14_045026012
-0.3565519,0.5793054,2.290624,2012-06-14_045026173
-0.374052,0.5761235,2.271913,2012-06-14_045026255
-0.3812547,0.5708233,2.264066,2012-06-14_045026323
-0.3856095,0.5651395,2.257915,2012-06-14_045026407
-0.3877606,0.5579116,2.251741,2012-06-14_045026492
-0.385173,0.5514239,2.248059,2012-06-14_045026586
-0.3755027,0.5460503,2.247456,2012-06-14_045026662
-0.3667616,0.5445805,2.249738,2012-06-14_045026740
-0.3570256,0.5463226,2.254263,2012-06-14_045026826
-0.3395349,0.5551851,2.263529,2012-06-14_045026902
-0.3246249,0.5653897,2.271337,2012-06-14_045026992
-0.3025034,0.5773762,2.278715,2012-06-14_045027080
-0.2769107,0.5844691,2.278843,2012-06-14_045027166
-0.2533554,0.5880456,2.269842,2012-06-14_045027257