-0.3455472,0.4571309,2.363892,2012-06-14_045007595
-0.3473107,0.4569959,2.364007,2012-06-14_045007735
-0.348229,0.4569938,2.364255,2012-06-14_045007827
-0.3488695,0.4569692,2.36446,2012-06-14_045007917
-0.3503488,0.4567654,2.365025,2012-06-14_045008034
-0.3510489,0.4566734,2.365321,2012-06-14_045008109
-0.3527223,0.4565127,2.365961,2012-06-14_045008210
-0.3536479,0.4564306,2.366274,2012-06-14_045008301
-0.354848,0.4562925,2.36662,2012-06-14_045008392
-0.3556491,0.4562201,2.366831,2012-06-14_045008472
-0.3579755,0.4562686,2.36745,2012-06-14_045008562
-0.3603704,0.456488,2.368009,2012-06-14_045008636
-0.3629525,0.4566979,2.368261,2012-06-14_045008711
-0.3675536,0.4566293,2.367981,2012-06-14_045008796
-0.3708697,0.4562116,2.367193,2012-06-14_045008874
-0.3760415,0.4555231,2.365187,2012-06-14_045008961
-0.3797674,0.4549288,2.363496,2012-06-14_045009040
-0.3863916,0.454231,2.360611,2012-06-14_045009132
-0.3923952,0.453586,2.358551,2012-06-14_045009206
-0.4009156,0.4527192,2.356408,2012-06-14_045009293
-0.4073396,0.4521438,2.355937,2012-06-14_045009372
-0.42176,0.4524932,2.358447,2012-06-14_045009459
-0.4310141,0.4542221,2.36114,2012-06-14_045009540
-0.4418941,0.4578505,2.364532,2012-06-14_045009624
-0.4476459,0.4615199,2.366134,2012-06-14_045009704
-0.4562461,0.4719169,2.367198,2012-06-14_045009797
-0.4619645,0.4826627,2.367919,2012-06-14_045009869
-0.4657844,0.4933379,2.368239,2012-06-14_045009946
-0.4668919,0.4986444,2.368417,2012-06-14_045010039
-0.4673015,0.5045568,2.36868,2012-06-14_045010132
-0.4671225,0.5064726,2.368683,2012-06-14_045010201
-0.4661951,0.5067334,2.368176,2012-06-14_045010281
-0.4577365,0.4859878,2.358284,2012-06-14_045010367
-0.4526564,0.4629087,2.34864,2012-06-14_045010440
-0.4492399,0.433414,2.336701,2012-06-14_045010526
-0.4489066,0.4175717,2.33054,2012-06-14_045010600
-0.4500474,0.4027682,2.325511,2012-06-14_045010670
-0.4538322,0.3792954,2.319492,2012-06-14_045010771
-0.4551385,0.368624,2.317114,2012-06-14_045010841
-0.4590142,0.3313824,2.311344,2012-06-14_045010936
-0.4591404,0.3185865,2.309718,2012-06-14_045011004
-0.4576662,0.3080188,2.308468,2012-06-14_045011092
-0.4563143,0.3040875,2.307972,2012-06-14_045011175
-0.4544731,0.3006989,2.307752,2012-06-14_045011269
-0.4532423,0.2993239,2.308105,2012-06-14_045011361
-0.4525356,0.3005066,2.309966,2012-06-14_045011441
-0.4536589,0.3108594,2.317836,2012-06-14_045011535
-0.4559742,0.3231267,2.323986,2012-06-14_045011609
-0.4620908,0.349077,2.335601,2012-06-14_045011708
-0.4676096,0.368402,2.344172,2012-06-14_045011793
-0.4728151,0.3819778,2.350147,2012-06-14_045011872
-0.4795585,0.3999223,2.357241,2012-06-14_045011943
-0.4881608,0.4188872,2.364269,2012-06-14_045012037
-0.4969291,0.4371109,2.369853,2012-06-14_045012129
-0.5006915,0.4449577,2.371175,2012-06-14_045012211
-0.5061978,0.4545479,2.371567,2012-06-14_045012307
-0.5097407,0.4606375,2.371676,2012-06-14_045012374
-0.5141287,0.4679036,2.371954,2012-06-14_045012450
-0.5167247,0.4716821,2.372341,2012-06-14_045012539
-0.5195968,0.4746617,2.372595,2012-06-14_045012629
-0.5219514,0.4756721,2.372407,2012-06-14_045012702
-0.5298287,0.4748115,2.369936,2012-06-14_045012787
-0.5392073,0.4710776,2.365513,2012-06-14_045012863
-0.5491399,0.4656756,2.360488,2012-06-14_045012941
-0.5623754,0.456991,2.352606,2012-06-14_045013029
-0.5712575,0.4504034,2.346349,2012-06-14_045013112
-0.5846373,0.4399113,2.337506,2012-06-14_045013202
-0.5924153,0.4335768,2.331956,2012-06-14_045013282
-0.6007054,0.425969,2.322974,2012-06-14_045013364
-0.604509,0.4213382,2.316115,2012-06-14_045013442
-0.6096081,0.410605,2.303955,2012-06-14_045013534
-0.6127061,0.401256,2.295995,2012-06-14_045013612
-0.6178144,0.382624,2.284961,2012-06-14_045013701
-0.6229983,0.3582177,2.272272,2012-06-14_045013791
-0.6223214,0.3513304,2.264345,2012-06-14_045013869
-0.6545052,0.347691,2.267828,2012-06-14_045013944
-0.6578408,0.3198408,2.25802,2012-06-14_045014062
-0.6626928,0.3133108,2.259745,2012-06-14_045014134
-0.6662654,0.3086289,2.26123,2012-06-14_045014214
-0.6673419,0.3069348,2.261718,2012-06-14_045014303
-0.6568739,0.3089386,2.256024,2012-06-14_045014387
-0.6534856,0.3103252,2.254573,2012-06-14_045014468
-0.6422459,0.3247995,2.253211,2012-06-14_045014555
-0.6366712,0.3332721,2.255571,2012-06-14_045014633
-0.6292468,0.3444239,2.261106,2012-06-14_045014722
-0.6275948,0.3461831,2.26808,2012-06-14_045014801
-0.624834,0.3500539,2.276478,2012-06-14_045014876
-0.6192403,0.3564066,2.287973,2012-06-14_045014967
-0.6180303,0.355986,2.304479,2012-06-14_045015058
-0.6184593,0.3534438,2.314675,2012-06-14_045015140
-0.6153324,0.3626286,2.329788,2012-06-14_045015214
-0.6113735,0.3720465,2.336808,2012-06-14_045015299
-0.6058047,0.3863113,2.344702,2012-06-14_045015372
-0.6002228,0.4004908,2.354511,2012-06-14_045015460
-0.5933903,0.4111846,2.360691,2012-06-14_045015533
-0.5878296,0.4191701,2.364791,2012-06-14_045015612
-0.579221,0.4285506,2.369702,2012-06-14_045015706
-0.5729343,0.4324689,2.371672,2012-06-14_045015775
-0.5579277,0.438771,2.372692,2012-06-14_045015857
-0.5379695,0.4455696,2.370522,2012-06-14_045015953
-0.5252467,0.4489505,2.36797,2012-06-14_045016030
-0.5133784,0.4526393,2.365542,2012-06-14_045016111
-0.4986553,0.4565805,2.363339,2012-06-14_045016196
-0.4906015,0.4583671,2.362251,2012-06-14_045016273
-0.4832578,0.4595414,2.361779,2012-06-14_045016364
-0.4784881,0.459266,2.362205,2012-06-14_045016454
-0.4761682,0.4586192,2.363072,2012-06-14_045016532
-0.4737009,0.4575164,2.365186,2012-06-14_045016622
-0.4725377,0.4569444,2.366791,2012-06-14_045016698
-0.4716279,0.456613,2.368651,2012-06-14_045016773
-0.4707255,0.4561995,2.37141,2012-06-14_045016861
-0.4705309,0.4559012,2.373275,2012-06-14_045016938
-0.4704835,0.455583,2.374891,2012-06-14_045017017
-0.4708036,0.4546068,2.377616,2012-06-14_045017099
-0.4714306,0.4537148,2.380059,2012-06-14_045017182
-0.4725007,0.4524181,2.383816,2012-06-14_045017257
-0.4728455,0.4517705,2.385835,2012-06-14_045017337
-0.4727269,0.4513439,2.387527,2012-06-14_045017409
-0.4721085,0.4508169,2.389398,2012-06-14_045017492
-0.471169,0.4506405,2.390295,2012-06-14_045017569
-0.4692085,0.4507371,2.391227,2012-06-14_045017655
-0.4677612,0.4509575,2.391674,2012-06-14_045017733
-0.4652538,0.4515744,2.392285,2012-06-14_045017824
-0.4635685,0.4519525,2.392634,2012-06-14_045017900
-0.4609392,0.4522644,2.393147,2012-06-14_045017985
-0.4595821,0.4520672,2.393622,2012-06-14_045018057
-0.4585691,0.4514051,2.39441,2012-06-14_045018132
-0.4580539,0.4502965,2.395936,2012-06-14_045018218
-0.4581904,0.4483283,2.398921,2012-06-14_045018300
-0.4590882,0.4467875,2.402067,2012-06-14_045018395
-0.4595715,0.4461163,2.403489,2012-06-14_045018468
-0.4598765,0.4456305,2.404394,2012-06-14_045018544
-0.4607184,0.4446676,2.405397,2012-06-14_045018629
-0.4629779,0.4437058,2.406762,2012-06-14_045018722
-0.4646423,0.4433728,2.407632,2012-06-14_045018800
-0.4665819,0.4431058,2.408522,2012-06-14_045018889
-0.4678737,0.4429126,2.408943,2012-06-14_045018963
-0.4690183,0.4427111,2.40924,2012-06-14_045019034
-0.4707638,0.4422547,2.409487,2012-06-14_045019123
-0.4717764,0.441786,2.409429,2012-06-14_045019207
-0.4730954,0.4409963,2.409084,2012-06-14_045019293
-0.4738247,0.4412764,2.408715,2012-06-14_045019373
-0.4736503,0.4425547,2.407084,2012-06-14_045019453
-0.472822,0.4447641,2.404868,2012-06-14_045019528
-0.4713717,0.4483688,2.401719,2012-06-14_045019621
-0.4682111,0.4588356,2.395674,2012-06-14_045019686
-0.4659114,0.4652416,2.392622,2012-06-14_045019762
-0.4633841,0.4709857,2.390394,2012-06-14_045019840
-0.4607579,0.4756053,2.388865,2012-06-14_045019909
-0.4564756,0.4831094,2.387675,2012-06-14_045019991
-0.4548073,0.4863841,2.387534,2012-06-14_045020073
-0.4533062,0.4896446,2.387869,2012-06-14_045020159
-0.4528024,0.4908285,2.388268,2012-06-14_045020233
-0.452529,0.4912915,2.388847,2012-06-14_045020308
-0.4525193,0.488843,2.390829,2012-06-14_045020388
-0.4539548,0.4837109,2.39242,2012-06-14_045020466
-0.4592066,0.4674579,2.394277,2012-06-14_045020560
-0.463357,0.4564564,2.395932,2012-06-14_045020630
-0.4661444,0.4475704,2.397619,2012-06-14_045020700
-0.4674084,0.4424086,2.39879,2012-06-14_045020782
-0.4680091,0.4389622,2.399788,2012-06-14_045020856
-0.4680481,0.4380948,2.40043,2012-06-14_045020930
-0.4679544,0.4373924,2.400983,2012-06-14_045021017
-0.4679751,0.4366864,2.40155,2012-06-14_045021094
-0.4684681,0.4356132,2.402373,2012-06-14_045021168
-0.4696707,0.4347001,2.403295,2012-06-14_045021262
-0.4703879,0.4343327,2.403742,2012-06-14_045021338
-0.4716994,0.4338566,2.404224,2012-06-14_045021430
-0.4728595,0.4333725,2.404353,2012-06-14_045021503
-0.4779527,0.4281428,2.402398,2012-06-14_045021586
-0.4796425,0.4252989,2.400438,2012-06-14_045021661
-0.47379,0.430804,2.397063,2012-06-14_045021738
-0.466775,0.4372726,2.393878,2012-06-14_045021826
-0.4652595,0.4387209,2.392843,2012-06-14_045021917
-0.4646624,0.4392061,2.391757,2012-06-14_045021987
-0.4651455,0.4386497,2.38951,2012-06-14_045022064
-0.466011,0.4379917,2.387579,2012-06-14_045022154
-0.4677901,0.4369506,2.384379,2012-06-14_045022227
-0.4699692,0.436001,2.381137,2012-06-14_045022327
-0.4718527,0.4356259,2.378792,2012-06-14_045022404
-0.4757656,0.4359034,2.374393,2012-06-14_045022486
-0.478561,0.4366849,2.371351,2012-06-14_045022562
-0.481461,0.437852,2.368863,2012-06-14_045022638
-0.4867395,0.4407424,2.366047,2012-06-14_045022723
-0.4912147,0.4431107,2.364851,2012-06-14_045022805
-0.4978715,0.4469084,2.363936,2012-06-14_045022892
-0.5026766,0.4517181,2.36341,2012-06-14_045022967
-0.5064011,0.4572265,2.362841,2012-06-14_045023054
-0.5090255,0.4629859,2.362126,2012-06-14_045023130
-0.5096741,0.4650854,2.361786,2012-06-14_045023210
-0.5100321,0.4669957,2.361461,2012-06-14_045023298
-0.5100908,0.4675612,2.361312,2012-06-14_045023372
-0.509829,0.4669562,2.360967,2012-06-14_045023457
-0.5083401,0.4612114,2.35988,2012-06-14_045023529
-0.5071172,0.4565116,2.35928,2012-06-14_045023602
-0.5052475,0.4503964,2.358496,2012-06-14_045023694
-0.5042316,0.4478142,2.358166,2012-06-14_045023763
-0.5034586,0.4461369,2.358056,2012-06-14_045023838
-0.5028292,0.4446161,2.358686,2012-06-14_045023928
-0.5023339,0.4418274,2.363291,2012-06-14_045024008
-0.502874,0.4402279,2.373816,2012-06-14_045024094
-0.5026035,0.4403373,2.382093,2012-06-14_045024174
-0.5004655,0.4438849,2.404675,2012-06-14_045024261
-0.4990274,0.4464338,2.418527,2012-06-14_045024337
-0.4970419,0.4505799,2.435175,2012-06-14_045024426
-0.4953021,0.4526662,2.440915,2012-06-14_045024505
-0.4927233,0.4537176,2.443238,2012-06-14_045024593
-0.4887018,0.4540916,2.442909,2012-06-14_045024675
-0.4855062,0.4527646,2.438932,2012-06-14_045024756
-0.4840822,0.4509035,2.434407,2012-06-14_045024832
-0.4838876,0.4465709,2.428567,2012-06-14_045024903
-0.4842751,0.4413224,2.423222,2012-06-14_045024998
-0.4843168,0.4375735,2.42012,2012-06-14_045025092
-0.4835819,0.43431,2.417923,2012-06-14_045025166
-0.4823433,0.428441,2.415276,2012-06-14_045025241
-0.4893016,0.3976156,2.414132,2012-06-14_045025333
-0.492165,0.3925595,2.414815,2012-06-14_045025409
-0.4955308,0.3919197,2.415151,2012-06-14_045025496
-0.5059174,0.3998858,2.410808,2012-06-14_045025597
-0.5160959,0.4087304,2.402676,2012-06-14_045025672
-0.5233988,0.4167191,2.395359,2012-06-14_045025759
-0.5347428,0.4276314,2.381451,2012-06-14_045025840
-0.5466225,0.4359768,2.367336,2012-06-14_045025929
-0.5565929,0.4415378,2.355588,2012-06-14_045026012
-0.5707068,0.4460233,2.338531,2012-06-14_045026173
-0.5844132,0.4408333,2.314209,2012-06-14_045026255
-0.5867762,0.4344393,2.300955,2012-06-14_045026323
-0.5823872,0.4253166,2.285925,2012-06-14_045026407
-0.570771,0.4150828,2.270381,2012-06-14_045026492
-0.5607098,0.4092733,2.26332,2012-06-14_045026586
-0.549199,0.4061454,2.260861,2012-06-14_045026662
-0.5409148,0.406385,2.261346,2012-06-14_045026740
-0.5334997,0.4085342,2.263497,2012-06-14_045026826
-0.5229951,0.4152347,2.27275,2012-06-14_045026902
-0.5151383,0.4198228,2.283764,2012-06-14_045026992
-0.496436,0.4333661,2.314262,2012-06-14_045027080
-0.4706424,0.4458566,2.338334,2012-06-14_045027166
-0.4490116,0.4529646,2.350448,2012-06-1