0.05951374,0.4532012,2.353852,2012-06-14_045007595
0.05662789,0.4528481,2.354148,2012-06-14_045007735
0.05447747,0.4527139,2.354457,2012-06-14_045007827
0.05313521,0.4525943,2.354797,2012-06-14_045007917
0.05077991,0.4524347,2.355725,2012-06-14_045008034
0.04979692,0.4524102,2.356244,2012-06-14_045008109
0.04806116,0.452394,2.35736,2012-06-14_045008210
0.04732291,0.4523305,2.357847,2012-06-14_045008301
0.04630268,0.4522039,2.358614,2012-06-14_045008392
0.04559487,0.4520974,2.359179,2012-06-14_045008472
0.04420605,0.4520255,2.360294,2012-06-14_045008562
0.04295758,0.4521188,2.361187,2012-06-14_045008636
0.04145784,0.4522509,2.362098,2012-06-14_045008711
0.03786856,0.4524045,2.363567,2012-06-14_045008796
0.03408077,0.452579,2.364621,2012-06-14_045008874
0.02716274,0.4525718,2.365879,2012-06-14_045008961
0.02046324,0.4523614,2.366344,2012-06-14_045009040
0.01077932,0.4518826,2.367134,2012-06-14_045009132
0.003002306,0.4522454,2.36849,2012-06-14_045009206
-0.007006462,0.4537772,2.372226,2012-06-14_045009293
-0.01206932,0.4548215,2.375404,2012-06-14_045009372
-0.02065374,0.4583884,2.382413,2012-06-14_045009459
-0.02657456,0.4640532,2.389262,2012-06-14_045009540
-0.03254525,0.4733634,2.397593,2012-06-14_045009624
-0.03506494,0.4804996,2.402143,2012-06-14_045009704
-0.03818111,0.4961834,2.409796,2012-06-14_045009797
-0.04016406,0.5040917,2.412825,2012-06-14_045009869
-0.0429992,0.5148396,2.415709,2012-06-14_045009946
-0.04437011,0.5211423,2.416897,2012-06-14_045010039
-0.04536663,0.5266111,2.41782,2012-06-14_045010132
-0.0455381,0.5282046,2.418104,2012-06-14_045010201
-0.04409062,0.5274572,2.418505,2012-06-14_045010281
-0.03664695,0.5124221,2.41921,2012-06-14_045010367
-0.03240766,0.4875699,2.416036,2012-06-14_045010440
-0.03199334,0.4530898,2.408761,2012-06-14_045010526
-0.0333163,0.4342,2.402632,2012-06-14_045010600
-0.03502063,0.4177569,2.395202,2012-06-14_045010670
-0.03765657,0.3877327,2.378449,2012-06-14_045010771
-0.0390992,0.3764641,2.372099,2012-06-14_045010841
-0.04781535,0.3321848,2.349833,2012-06-14_045010936
-0.05112551,0.3181537,2.342504,2012-06-14_045011004
-0.05308218,0.3082282,2.337953,2012-06-14_045011092
-0.05385403,0.3029242,2.336345,2012-06-14_045011175
-0.05492835,0.2985693,2.335536,2012-06-14_045011269
-0.05660124,0.2967604,2.336599,2012-06-14_045011361
-0.05951581,0.3001815,2.342285,2012-06-14_045011441
-0.06407559,0.3153658,2.358444,2012-06-14_045011535
-0.06677592,0.3270202,2.366285,2012-06-14_045011609
-0.07073043,0.3471737,2.374542,2012-06-14_045011708
-0.07376042,0.3726203,2.383655,2012-06-14_045011793
-0.07561672,0.3886646,2.390285,2012-06-14_045011872
-0.0782239,0.4042208,2.397089,2012-06-14_045011943
-0.08381228,0.4259987,2.406197,2012-06-14_045012037
-0.09116071,0.4480562,2.415398,2012-06-14_045012129
-0.09706232,0.4633464,2.421271,2012-06-14_045012211
-0.1028535,0.4779166,2.426018,2012-06-14_045012307
-0.1057011,0.4860244,2.428204,2012-06-14_045012374
-0.1086161,0.4960925,2.431059,2012-06-14_045012450
-0.1099664,0.5007641,2.432326,2012-06-14_045012539
-0.1117928,0.5053443,2.433071,2012-06-14_045012629
-0.1138005,0.5077661,2.43241,2012-06-14_045012702
-0.1201084,0.5122566,2.428105,2012-06-14_045012787
-0.1262241,0.5161592,2.422827,2012-06-14_045012863
-0.1342033,0.5198107,2.415078,2012-06-14_045012941
-0.1496242,0.5262212,2.398322,2012-06-14_045013029
-0.1597738,0.5309119,2.387702,2012-06-14_045013112
-0.1787252,0.5390403,2.369806,2012-06-14_045013202
-0.1909954,0.5432958,2.358035,2012-06-14_045013282
-0.2087332,0.5462668,2.336406,2012-06-14_045013364
-0.2195724,0.5458234,2.320293,2012-06-14_045013442
-0.2397533,0.5381909,2.29283,2012-06-14_045013534
-0.2551948,0.5304486,2.276519,2012-06-14_045013612
-0.2831622,0.5162841,2.254381,2012-06-14_045013701
-0.2985839,0.5097908,2.243518,2012-06-14_045013791
-0.3054645,0.5089725,2.239358,2012-06-14_045013869
-0.3134605,0.5104035,2.235417,2012-06-14_045013944
-0.347279,0.5031099,2.219606,2012-06-14_045014062
-0.3537355,0.4973996,2.215775,2012-06-14_045014134
-0.3596036,0.4909176,2.211623,2012-06-14_045014214
-0.3621178,0.4853749,2.208201,2012-06-14_045014303
-0.3638533,0.4790021,2.203948,2012-06-14_045014387
-0.3642544,0.4766873,2.20224,2012-06-14_045014468
-0.3575061,0.4779912,2.203208,2012-06-14_045014555
-0.3462237,0.4838794,2.209378,2012-06-14_045014633
-0.3283342,0.4942683,2.224661,2012-06-14_045014722
-0.3192475,0.4984637,2.234791,2012-06-14_045014801
-0.3125371,0.5008852,2.243286,2012-06-14_045014876
-0.3057838,0.5021541,2.253032,2012-06-14_045014967
-0.301489,0.5014622,2.260245,2012-06-14_045015058
-0.2978741,0.4997685,2.265471,2012-06-14_045015140
-0.2858056,0.4966423,2.275753,2012-06-14_045015214
-0.2705428,0.4952455,2.283702,2012-06-14_045015299
-0.2526986,0.4950331,2.290689,2012-06-14_045015372
-0.2275653,0.4945611,2.299722,2012-06-14_045015460
-0.2100502,0.4936174,2.305619,2012-06-14_045015533
-0.1953657,0.4915594,2.310108,2012-06-14_045015612
-0.1775479,0.4891534,2.315867,2012-06-14_045015706
-0.1667645,0.4869697,2.319263,2012-06-14_045015775
-0.1489167,0.4830333,2.325252,2012-06-14_045015857
-0.1343146,0.4790603,2.331375,2012-06-14_045015953
-0.1229948,0.4771547,2.337657,2012-06-14_045016030
-0.1128671,0.4748607,2.344098,2012-06-14_045016111
-0.1025422,0.4714388,2.351953,2012-06-14_045016196
-0.0976707,0.4692667,2.356562,2012-06-14_045016273
-0.0924672,0.4663587,2.363009,2012-06-14_045016364
-0.08922385,0.464073,2.368848,2012-06-14_045016454
-0.08792109,0.4629942,2.372261,2012-06-14_045016532
-0.08773639,0.4619415,2.375719,2012-06-14_045016622
-0.08847008,0.4613207,2.377613,2012-06-14_045016698
-0.08973825,0.4608149,2.379508,2012-06-14_045016773
-0.09211168,0.4602638,2.381973,2012-06-14_045016861
-0.09342952,0.4600212,2.383177,2012-06-14_045016938
-0.09439874,0.4597805,2.384169,2012-06-14_045017017
-0.09526958,0.4593715,2.386022,2012-06-14_045017099
-0.09529082,0.4592083,2.388071,2012-06-14_045017182
-0.09343352,0.4594103,2.393225,2012-06-14_045017257
-0.09149385,0.459968,2.396604,2012-06-14_045017337
-0.08944388,0.4603179,2.399437,2012-06-14_045017409
-0.08594243,0.4603561,2.402957,2012-06-14_045017492
-0.08323857,0.4601606,2.404855,2012-06-14_045017569
-0.07868101,0.4597364,2.407635,2012-06-14_045017655
-0.07562722,0.4595153,2.409634,2012-06-14_045017733
-0.07184199,0.4589169,2.412352,2012-06-14_045017824
-0.07005195,0.4585733,2.413849,2012-06-14_045017900
-0.06839482,0.4580081,2.415445,2012-06-14_045017985
-0.06780759,0.4575567,2.416089,2012-06-14_045018057
-0.06750553,0.4570865,2.416505,2012-06-14_045018132
-0.06734896,0.4565314,2.41681,2012-06-14_045018218
-0.06730025,0.4558524,2.417092,2012-06-14_045018300
-0.06734601,0.4557463,2.417197,2012-06-14_045018395
-0.06755326,0.4590497,2.417136,2012-06-14_045018468
-0.06711938,0.4674995,2.416865,2012-06-14_045018544
-0.07117674,0.4787528,2.412469,2012-06-14_045018629
-0.07476246,0.4866953,2.408787,2012-06-14_045018722
-0.07578707,0.489804,2.407449,2012-06-14_045018800
-0.07645394,0.492635,2.406008,2012-06-14_045018889
-0.07665727,0.4935705,2.405356,2012-06-14_045018963
-0.07677639,0.4941062,2.404907,2012-06-14_045019034
-0.07720148,0.4933854,2.403699,2012-06-14_045019123
-0.07781806,0.490394,2.402116,2012-06-14_045019207
-0.07835159,0.484334,2.40025,2012-06-14_045019293
-0.07841428,0.4819419,2.399886,2012-06-14_045019373
-0.09198362,0.448492,2.387678,2012-06-14_045019453
-0.0974324,0.4402789,2.385491,2012-06-14_045019528
-0.09694749,0.441448,2.387518,2012-06-14_045019621
-0.08720737,0.4456103,2.392844,2012-06-14_045019686
-0.08308112,0.4471469,2.394866,2012-06-14_045019762
-0.08067112,0.4477509,2.395986,2012-06-14_045019840
-0.07927278,0.4480504,2.396635,2012-06-14_045019909
-0.07808527,0.4482218,2.397168,2012-06-14_045019991
-0.0776355,0.448283,2.397365,2012-06-14_045020073
-0.07705441,0.4483301,2.397575,2012-06-14_045020159
-0.07655499,0.4483255,2.397708,2012-06-14_045020233
-0.07594533,0.4482341,2.39783,2012-06-14_045020308
-0.07489453,0.4476868,2.397684,2012-06-14_045020388
-0.07406795,0.4469884,2.397039,2012-06-14_045020466
-0.07350349,0.4470203,2.395567,2012-06-14_045020560
-0.07434835,0.4508705,2.394029,2012-06-14_045020630
-0.07705179,0.4559873,2.393209,2012-06-14_045020700
-0.07958663,0.4585969,2.392618,2012-06-14_045020782
-0.0823916,0.4631279,2.392184,2012-06-14_045020856
-0.08340606,0.4646904,2.391862,2012-06-14_045020930
-0.08399238,0.4655274,2.391475,2012-06-14_045021017
-0.08425461,0.4662223,2.391154,2012-06-14_045021094
-0.08427963,0.4671495,2.390357,2012-06-14_045021168
-0.08368134,0.468601,2.389053,2012-06-14_045021262
-0.08312829,0.4700942,2.388162,2012-06-14_045021338
-0.08218759,0.4726989,2.38738,2012-06-14_045021430
-0.08166377,0.4737962,2.387155,2012-06-14_045021503
-0.08109175,0.4741087,2.386652,2012-06-14_045021586
-0.08042339,0.4730888,2.385874,2012-06-14_045021661
-0.08084214,0.4790297,2.387778,2012-06-14_045021738
-0.1137285,0.4285398,2.366443,2012-06-14_045021826
-0.1367146,0.4442696,2.372039,2012-06-14_045021917
-0.1005123,0.4673208,2.388003,2012-06-14_045021987
-0.08316423,0.4633939,2.389998,2012-06-14_045022064
-0.07879789,0.455955,2.388514,2012-06-14_045022154
-0.07786623,0.448898,2.386422,2012-06-14_045022227
-0.07978531,0.4442448,2.38371,2012-06-14_045022327
-0.0813309,0.4425639,2.381921,2012-06-14_045022404
-0.08403021,0.4420304,2.378969,2012-06-14_045022486
-0.08556086,0.4428597,2.377042,2012-06-14_045022562
-0.0870776,0.4456206,2.374897,2012-06-14_045022638
-0.08994044,0.4557523,2.372604,2012-06-14_045022723
-0.09215023,0.4643508,2.372109,2012-06-14_045022805
-0.09438206,0.4741865,2.372271,2012-06-14_045022892
-0.095029,0.4796346,2.372738,2012-06-14_045022967
-0.09520454,0.4848935,2.373617,2012-06-14_045023054
-0.09485434,0.4914501,2.374952,2012-06-14_045023130
-0.09451941,0.4940581,2.375489,2012-06-14_045023210
-0.09425174,0.4958545,2.375738,2012-06-14_045023298
-0.09424024,0.4956544,2.37503,2012-06-14_045023372
-0.09528357,0.4915237,2.371547,2012-06-14_045023457
-0.09676982,0.4848469,2.366837,2012-06-14_045023529
-0.09719436,0.4809037,2.364588,2012-06-14_045023602
-0.09744856,0.4736284,2.361078,2012-06-14_045023694
-0.0974872,0.468716,2.358249,2012-06-14_045023763
-0.09746016,0.464402,2.35521,2012-06-14_045023838
-0.09746992,0.4609544,2.352014,2012-06-14_045023928
-0.09740912,0.4569527,2.346467,2012-06-14_045024008
-0.0975098,0.4540341,2.338655,2012-06-14_045024094
-0.09797779,0.4524878,2.331567,2012-06-14_045024174
-0.09942188,0.4506193,2.317536,2012-06-14_045024261
-0.1020442,0.4500852,2.305994,2012-06-14_045024336
-0.1097701,0.4487033,2.288017,2012-06-14_045024426
-0.1157538,0.4466401,2.278316,2012-06-14_045024505
-0.1219873,0.4439882,2.270144,2012-06-14_045024593
-0.1303633,0.439242,2.260191,2012-06-14_045024675
-0.1360552,0.4365963,2.253086,2012-06-14_045024756
-0.138928,0.4359363,2.248932,2012-06-14_045024832
-0.1407914,0.4356242,2.245964,2012-06-14_045024903
-0.1421249,0.4350391,2.243554,2012-06-14_045024998
-0.1423093,0.4335512,2.242007,2012-06-14_045025092
-0.1417743,0.4311621,2.240828,2012-06-14_045025166
-0.1408998,0.4273525,2.239463,2012-06-14_045025241
-0.139753,0.4229732,2.238343,2012-06-14_045025333
-0.1391819,0.4210846,2.23809,2012-06-14_045025409
-0.1385188,0.4197585,2.238281,2012-06-14_045025496
-0.1351782,0.4199547,2.242633,2012-06-14_045025597
-0.127642,0.429752,2.256014,2012-06-14_045025672
-0.1237683,0.4394582,2.264142,2012-06-14_045025759
-0.1224943,0.4517724,2.26942,2012-06-14_045025840
-0.1263464,0.4629336,2.269568,2012-06-14_045025929
-0.1318052,0.4719142,2.268493,2012-06-14_045026012
-0.1429815,0.4870403,2.267589,2012-06-14_045026173
-0.1558388,0.4996787,2.266872,2012-06-14_045026255
-0.1607786,0.5033285,2.26721,2012-06-14_045026323
-0.1643663,0.5055977,2.267828,2012-06-14_045026407
-0.16802,0.5083994,2.26963,2012-06-14_045026492
-0.1686009,0.5131033,2.274293,2012-06-14_045026586
-0.1614958,0.5200499,2.284107,2012-06-14_045026662
-0.1545734,0.5223774,2.290082,2012-06-14_045026740
-0.1466502,0.522342,2.294689,2012-06-14_045026826
-0.1289712,0.5178083,2.297158,2012-06-14_045026902
-0.1158523,0.510644,2.291636,2012-06-14_04502699