-0.1264567,0.1805874,2.36419,2012-06-14_045007596
-0.1292613,0.179982,2.364305,2012-06-14_045007735
-0.1308092,0.1796629,2.364604,2012-06-14_045007827
-0.1317036,0.1794895,2.36482,2012-06-14_045007917
-0.1332038,0.1792431,2.36529,2012-06-14_045008034
-0.1340022,0.179122,2.365636,2012-06-14_045008109
-0.1359367,0.1789904,2.366473,2012-06-14_045008210
-0.1370765,0.1789286,2.366906,2012-06-14_045008301
-0.1387741,0.1788328,2.367449,2012-06-14_045008392
-0.1400473,0.1788104,2.36773,2012-06-14_045008472
-0.1425092,0.1791055,2.367866,2012-06-14_045008562
-0.1447117,0.1796538,2.367643,2012-06-14_045008636
-0.1473131,0.1803167,2.367153,2012-06-14_045008711
-0.1525387,0.1812873,2.365829,2012-06-14_045008796
-0.156343,0.1815907,2.365015,2012-06-14_045008874
-0.1628705,0.1815187,2.364423,2012-06-14_045008961
-0.1670089,0.181125,2.364612,2012-06-14_045009040
-0.1735826,0.1802507,2.365604,2012-06-14_045009132
-0.1777981,0.1799268,2.366443,2012-06-14_045009206
-0.1855029,0.1800735,2.368295,2012-06-14_045009293
-0.1915558,0.1807659,2.369776,2012-06-14_045009372
-0.2018804,0.1835036,2.372551,2012-06-14_045009459
-0.2084285,0.1864197,2.374713,2012-06-14_045009540
-0.216263,0.1913192,2.378155,2012-06-14_045009624
-0.2205392,0.1954203,2.380697,2012-06-14_045009704
-0.2265757,0.2050793,2.385188,2012-06-14_045009797
-0.2295259,0.211653,2.387427,2012-06-14_045009869
-0.2320693,0.2197558,2.389204,2012-06-14_045009946
-0.2329114,0.2244817,2.389715,2012-06-14_045010039
-0.2334989,0.2298013,2.389754,2012-06-14_045010132
-0.2337016,0.2315856,2.389471,2012-06-14_045010201
-0.2340308,0.2318746,2.388342,2012-06-14_045010281
-0.2363667,0.2151696,2.377611,2012-06-14_045010367
-0.2387802,0.1916756,2.367494,2012-06-14_045010440
-0.2421586,0.1600941,2.356452,2012-06-14_045010526
-0.2433009,0.1465429,2.352498,2012-06-14_045010600
-0.2437655,0.1344429,2.349165,2012-06-14_045010670
-0.2440618,0.1149203,2.343472,2012-06-14_045010771
-0.2443683,0.1050339,2.340699,2012-06-14_045010841
-0.2461806,0.07056572,2.332841,2012-06-14_045010936
-0.2465837,0.05741525,2.330898,2012-06-14_045011004
-0.247393,0.04726043,2.330226,2012-06-14_045011092
-0.2478076,0.04331001,2.330569,2012-06-14_045011175
-0.2482452,0.03945608,2.332075,2012-06-14_045011269
-0.2490872,0.03747646,2.334083,2012-06-14_045011361
-0.2509486,0.03802322,2.336665,2012-06-14_045011441
-0.2583784,0.05157897,2.346859,2012-06-14_045011535
-0.2627965,0.06500323,2.353645,2012-06-14_045011609
-0.2674297,0.09046908,2.36215,2012-06-14_045011708
-0.2686908,0.1185183,2.369213,2012-06-14_045011793
-0.2692522,0.1319897,2.372106,2012-06-14_045011872
-0.2703677,0.1433173,2.373724,2012-06-14_045011943
-0.2727175,0.1623229,2.376516,2012-06-14_045012037
-0.2742918,0.1788035,2.380619,2012-06-14_045012129
-0.2756752,0.1875252,2.383478,2012-06-14_045012211
-0.2781146,0.1998529,2.38853,2012-06-14_045012307
-0.27932,0.2061924,2.391378,2012-06-14_045012374
-0.2804678,0.2139412,2.39523,2012-06-14_045012450
-0.280867,0.2176782,2.397118,2012-06-14_045012539
-0.2811538,0.2212063,2.398796,2012-06-14_045012629
-0.2813972,0.2229921,2.399466,2012-06-14_045012702
-0.2821364,0.2251246,2.399942,2012-06-14_045012787
-0.2832584,0.2264642,2.399796,2012-06-14_045012863
-0.2853585,0.227498,2.398726,2012-06-14_045012941
-0.2907344,0.2289212,2.393385,2012-06-14_045013029
-0.2950992,0.2303725,2.386327,2012-06-14_045013112
-0.3015085,0.233165,2.371644,2012-06-14_045013202
-0.3056326,0.2352284,2.359293,2012-06-14_045013282
-0.3089638,0.2375416,2.342707,2012-06-14_045013364
-0.3096236,0.2376748,2.33324,2012-06-14_045013442
-0.3108536,0.2349992,2.319974,2012-06-14_045013534
-0.3120631,0.2303004,2.311627,2012-06-14_045013612
-0.3138048,0.220667,2.30165,2012-06-14_045013701
-0.3153831,0.2130803,2.294945,2012-06-14_045013791
-0.3157625,0.2100281,2.292356,2012-06-14_045013869
-0.3162552,0.2082167,2.290427,2012-06-14_045013944
-0.3199558,0.195972,2.286144,2012-06-14_045014062
-0.3237983,0.1916874,2.284167,2012-06-14_045014134
-0.3346638,0.1923897,2.277317,2012-06-14_045014214
-0.3384453,0.190782,2.274138,2012-06-14_045014303
-0.3428967,0.1871389,2.270256,2012-06-14_045014387
-0.3423254,0.1845088,2.269607,2012-06-14_045014468
-0.3382824,0.182257,2.270429,2012-06-14_045014555
-0.3374406,0.1821963,2.270768,2012-06-14_045014633
-0.3384262,0.1881584,2.272427,2012-06-14_045014722
-0.3381569,0.1946499,2.274046,2012-06-14_045014801
-0.3374397,0.1987691,2.275231,2012-06-14_045014876
-0.3341974,0.2025151,2.277224,2012-06-14_045014967
-0.3295431,0.2037541,2.279692,2012-06-14_045015058
-0.326612,0.2036555,2.281812,2012-06-14_045015140
-0.3220502,0.2019994,2.286607,2012-06-14_045015214
-0.3184805,0.199472,2.291404,2012-06-14_045015299
-0.3151007,0.1969596,2.296797,2012-06-14_045015372
-0.3111638,0.1946524,2.305795,2012-06-14_045015460
-0.3087017,0.19406,2.312618,2012-06-14_045015533
-0.3060987,0.1944711,2.318985,2012-06-14_045015612
-0.3011432,0.1966319,2.327399,2012-06-14_045015706
-0.2975547,0.1981795,2.331856,2012-06-14_045015775
-0.2909503,0.2003622,2.337259,2012-06-14_045015857
-0.2810832,0.2019637,2.342103,2012-06-14_045015953
-0.2736998,0.2025897,2.345238,2012-06-14_045016030
-0.2683386,0.2024588,2.347625,2012-06-14_045016111
-0.2624126,0.2009333,2.351154,2012-06-14_045016196
-0.2592332,0.1992842,2.353806,2012-06-14_045016273
-0.2557331,0.1969065,2.357694,2012-06-14_045016364
-0.2539361,0.1950675,2.360693,2012-06-14_045016454
-0.2534141,0.194165,2.362126,2012-06-14_045016532
-0.2531735,0.1921449,2.363932,2012-06-14_045016622
-0.2533773,0.1898297,2.365197,2012-06-14_045016698
-0.2537344,0.18769,2.366318,2012-06-14_045016773
-0.2547311,0.1847157,2.367896,2012-06-14_045016861
-0.2554347,0.1832785,2.368759,2012-06-14_045016938
-0.2560734,0.182155,2.369493,2012-06-14_045017017
-0.2569671,0.180931,2.370727,2012-06-14_045017099
-0.2574344,0.1807105,2.371758,2012-06-14_045017182
-0.2576799,0.181573,2.373974,2012-06-14_045017257
-0.257303,0.1826733,2.375897,2012-06-14_045017337
-0.2563839,0.1839213,2.37801,2012-06-14_045017409
-0.2537248,0.1857015,2.381325,2012-06-14_045017492
-0.2513603,0.1867701,2.383246,2012-06-14_045017569
-0.2480401,0.1880819,2.38524,2012-06-14_045017655
-0.2463772,0.1886986,2.386036,2012-06-14_045017733
-0.2446162,0.1892964,2.386747,2012-06-14_045017824
-0.2437695,0.1895134,2.387044,2012-06-14_045017900
-0.2428257,0.1896023,2.387365,2012-06-14_045017985
-0.2422758,0.1894974,2.387621,2012-06-14_045018057
-0.241735,0.1892317,2.388002,2012-06-14_045018132
-0.2412675,0.1887126,2.388714,2012-06-14_045018218
-0.2409489,0.1875434,2.390314,2012-06-14_045018300
-0.2412709,0.1864686,2.39253,2012-06-14_045018395
-0.2415037,0.1860112,2.394025,2012-06-14_045018468
-0.2415132,0.1859724,2.395448,2012-06-14_045018545
-0.2412933,0.1862181,2.396971,2012-06-14_045018629
-0.2414833,0.1875192,2.397932,2012-06-14_045018722
-0.2422708,0.1895655,2.398306,2012-06-14_045018800
-0.2434982,0.192493,2.398294,2012-06-14_045018889
-0.2441687,0.1939829,2.398108,2012-06-14_045018963
-0.2447074,0.1950372,2.3979,2012-06-14_045019034
-0.2452433,0.1959039,2.397641,2012-06-14_045019123
-0.2454398,0.196128,2.397487,2012-06-14_045019207
-0.2455965,0.1962585,2.397306,2012-06-14_045019293
-0.245639,0.1962857,2.397247,2012-06-14_045019373
-0.2463431,0.1929943,2.397251,2012-06-14_045019453
-0.2477773,0.1874752,2.39738,2012-06-14_045019528
-0.2489697,0.1839993,2.397552,2012-06-14_045019621
-0.2503468,0.1816992,2.397788,2012-06-14_045019686
-0.2513112,0.1811646,2.39792,2012-06-14_045019762
-0.2528339,0.1811554,2.398027,2012-06-14_045019840
-0.2546664,0.181624,2.398055,2012-06-14_045019910
-0.2572256,0.1830482,2.397596,2012-06-14_045019991
-0.2586908,0.1842674,2.396874,2012-06-14_045020073
-0.2603137,0.1857075,2.39562,2012-06-14_045020159
-0.2610095,0.1863341,2.394891,2012-06-14_045020233
-0.2614518,0.1867032,2.394341,2012-06-14_045020308
-0.2617918,0.1867989,2.393755,2012-06-14_045020388
-0.2618535,0.1866145,2.3935,2012-06-14_045020466
-0.2613355,0.1856508,2.393715,2012-06-14_045020560
-0.2602185,0.1846499,2.394427,2012-06-14_045020630
-0.2581168,0.1832731,2.395483,2012-06-14_045020700
-0.2553906,0.1817553,2.396468,2012-06-14_045020782
-0.2516983,0.1805937,2.397265,2012-06-14_045020856
-0.2495978,0.1804207,2.39729,2012-06-14_045020930
-0.2477992,0.1805357,2.396986,2012-06-14_045021017
-0.2460226,0.1812457,2.396097,2012-06-14_045021094
-0.2441955,0.1823851,2.394329,2012-06-14_045021168
-0.243202,0.1836853,2.39232,2012-06-14_045021262
-0.2428917,0.1846422,2.390992,2012-06-14_045021338
-0.242916,0.1863002,2.389297,2012-06-14_045021430
-0.2431273,0.1877328,2.388368,2012-06-14_045021503
-0.2436011,0.1902152,2.387136,2012-06-14_045021586
-0.2437526,0.1916987,2.386577,2012-06-14_045021661
-0.2438834,0.1927951,2.386274,2012-06-14_045021738
-0.2452736,0.1889168,2.385015,2012-06-14_045021826
-0.2486384,0.1780083,2.382616,2012-06-14_045021917
-0.2509175,0.1724526,2.381383,2012-06-14_045021987
-0.252555,0.1691334,2.380511,2012-06-14_045022064
-0.2531946,0.1683458,2.380058,2012-06-14_045022154
-0.2543212,0.168537,2.378379,2012-06-14_045022227
-0.2554336,0.1691964,2.376526,2012-06-14_045022327
-0.2559128,0.1696461,2.375787,2012-06-14_045022404
-0.256339,0.1705178,2.375173,2012-06-14_045022486
-0.2564467,0.1716111,2.374967,2012-06-14_045022562
-0.2564906,0.1732368,2.37485,2012-06-14_045022639
-0.2568567,0.1772712,2.374529,2012-06-14_045022723
-0.2574166,0.1812399,2.37382,2012-06-14_045022805
-0.2582853,0.1878701,2.372225,2012-06-14_045022892
-0.259118,0.1925679,2.370956,2012-06-14_045022967
-0.260042,0.1972092,2.369653,2012-06-14_045023054
-0.2609399,0.2021283,2.368088,2012-06-14_045023130
-0.2612566,0.204154,2.367355,2012-06-14_045023210
-0.2615111,0.2058425,2.366664,2012-06-14_045023298
-0.2615806,0.206329,2.366363,2012-06-14_045023372
-0.2615827,0.2058825,2.36579,2012-06-14_045023457
-0.2613219,0.2032371,2.364602,2012-06-14_045023529
-0.2610116,0.201091,2.363925,2012-06-14_045023602
-0.2603259,0.1973577,2.363228,2012-06-14_045023694
-0.2598081,0.1951198,2.363072,2012-06-14_045023763
-0.2593211,0.193101,2.363071,2012-06-14_045023838
-0.2589089,0.1914448,2.363129,2012-06-14_045023928
-0.2583265,0.1898058,2.363184,2012-06-14_045024008
-0.2582231,0.1890583,2.363068,2012-06-14_045024094
-0.2588403,0.1887975,2.362518,2012-06-14_045024174
-0.2618496,0.1888645,2.360105,2012-06-14_045024261
-0.2654144,0.1895698,2.357595,2012-06-14_045024337
-0.2708341,0.1916618,2.355331,2012-06-14_045024426
-0.2749516,0.1938329,2.355136,2012-06-14_045024505
-0.2774849,0.1952391,2.355166,2012-06-14_045024593
-0.2787037,0.1961786,2.354869,2012-06-14_045024675
-0.2786346,0.197724,2.354139,2012-06-14_045024756
-0.2782382,0.1993887,2.353498,2012-06-14_045024832
-0.2776599,0.2005896,2.352872,2012-06-14_045024903
-0.275086,0.19405,2.352272,2012-06-14_045024998
-0.2721277,0.1891147,2.351484,2012-06-14_045025092
-0.2720115,0.1853708,2.351422,2012-06-14_045025166
-0.2733956,0.1768714,2.350045,2012-06-14_045025241
-0.2754852,0.1650957,2.346203,2012-06-14_045025333
-0.2758018,0.1611264,2.344447,2012-06-14_045025409
-0.275089,0.1586392,2.342937,2012-06-14_045025496
-0.2735802,0.1573008,2.341279,2012-06-14_045025597
-0.2714108,0.1608449,2.338426,2012-06-14_045025672
-0.2700833,0.167895,2.335054,2012-06-14_045025759
-0.269472,0.1783838,2.330839,2012-06-14_045025840
-0.270796,0.1883706,2.327878,2012-06-14_045025929
-0.273384,0.1965922,2.326323,2012-06-14_045026012
-0.2791074,0.2100761,2.322957,2012-06-14_045026173
-0.2855541,0.2226757,2.316366,2012-06-14_045026255
-0.2879007,0.2262148,2.312208,2012-06-14_045026323
-0.2894526,0.2282532,2.307886,2012-06-14_045026407
-0.2890237,0.2296951,2.302161,2012-06-14_045026492
-0.2833987,0.2311553,2.296709,2012-06-14_045026586
-0.272397,0.2324772,2.292176,2012-06-14_045026662
-0.2626202,0.2312471,2.290606,2012-06-14_045026740
-0.2555873,0.2293896,2.289733,2012-06-14_045026826
-0.2483987,0.2261684,2.287587,2012-06-14_045026902
-0.2437404,0.2231408,2.284504,2012-06-14_045026992
-0.2362783,0.2165913,2.277803,2012-06-14_045027080
-0.2268073,0.2072453,2.268348,2012-06-14_045027166
-0.2182976,0.1999007,2.25916,20