0.135909,-0.07727089, 2.25989,2012-06-14_045007595
0.1326648,-0.07876883, 2.259567,2012-06-14_045007735
0.1312139,-0.07937668, 2.259663,2012-06-14_045007827
0.1303643,-0.07968826, 2.259768,2012-06-14_045007917
0.1279527,-0.07913412, 2.260147,2012-06-14_045008033
0.1259741,-0.07851862, 2.259995,2012-06-14_045008109
0.1194049,-0.07548725, 2.257185,2012-06-14_045008210
0.1162955,-0.07415012, 2.255359,2012-06-14_045008301
0.1100329,-0.07156543, 2.250515,2012-06-14_045008392
0.1034532,-0.06616298, 2.24494,2012-06-14_045008472
0.08831707,-0.04221034, 2.228531,2012-06-14_045008562
0.07668401,-0.02929604, 2.217835,2012-06-14_045008636
0.06625408,-0.02197362, 2.209815,2012-06-14_045008711
0.05510088,-0.01962666, 2.20255,2012-06-14_045008796
0.05171766,-0.02610993, 2.200987,2012-06-14_045008874
0.07326265,-0.06604092, 2.228787,2012-06-14_045008961
0.0956694,-0.07790814, 2.242808,2012-06-14_045009040
0.1893851,-0.05243528, 2.286181,2012-06-14_045009132
0.2313477,-0.0240769, 2.300351,2012-06-14_045009206
0.3028646,0.03922686, 2.305028,2012-06-14_045009293
0.3488248,0.09769699, 2.312211,2012-06-14_045009372
0.3944133,0.1938808, 2.329571,2012-06-14_045009459
0.4284536,0.2568512, 2.34029,2012-06-14_045009540
0.4446256,0.3324459, 2.349578,2012-06-14_045009624
0.4627075,0.4016917, 2.351696,2012-06-14_045009704
0.4820328,0.4749713, 2.358819,2012-06-14_045009797
0.4683658,0.5282933, 2.36866,2012-06-14_045009869
0.4611145,0.5918106, 2.382716,2012-06-14_045009946
0.4618314,0.625582, 2.38789,2012-06-14_045010039
0.4620029,0.6770028, 2.391,2012-06-14_045010132
0.4608759,0.6934828, 2.392158,2012-06-14_045010201
0.4654968,0.7034439, 2.392342,2012-06-14_045010281
0.4624179,0.7048352, 2.391953,2012-06-14_045010367
0.453151,0.6823441, 2.390203,2012-06-14_045010440
0.4759667,0.612591, 2.377298,2012-06-14_045010526
0.4806985,0.5515041, 2.380326,2012-06-14_045010600
0.472756,0.4990583, 2.377664,2012-06-14_045010670
0.4871296,0.383967, 2.363871,2012-06-14_045010771
0.4854738,0.359199, 2.358652,2012-06-14_045010841
0.4485115,0.109753, 2.306348,2012-06-14_045010936
0.4105348,0.007425871, 2.279144,2012-06-14_045011004
0.3043147,-0.1137293, 2.246803,2012-06-14_045011092
0.2358855,-0.1894696, 2.230534,2012-06-14_045011175
0.1431033,-0.2532908, 2.213757,2012-06-14_045011269
0.05221194,-0.2568888, 2.205443,2012-06-14_045011361
0.02401601,-0.229232, 2.209134,2012-06-14_045011441
0.03902666,-0.1754981, 2.227458,2012-06-14_045011535
0.1017556,-0.1325198, 2.248703,2012-06-14_045011609
0.18222,-0.06627399, 2.280807,2012-06-14_045011708
0.2379944,-0.01637863, 2.299981,2012-06-14_045011793
0.2855103,0.04529156, 2.316063,2012-06-14_045011872
0.3167795,0.1202161, 2.33463,2012-06-14_045011943
0.3520165,0.2024235, 2.354311,2012-06-14_045012037
0.3726531,0.2786392, 2.379178,2012-06-14_045012129
0.3861025,0.3418346, 2.406611,2012-06-14_045012211
0.3875793,0.3890453, 2.425133,2012-06-14_045012307
0.3887771,0.4293652, 2.439871,2012-06-14_045012374
0.3908442,0.4743539, 2.455571,2012-06-14_045012450
0.3905848,0.4846724, 2.458477,2012-06-14_045012539
0.3843733,0.4882358, 2.454752,2012-06-14_045012629
0.3831258,0.497406, 2.44749,2012-06-14_045012702
0.3812255,0.5034483, 2.443015,2012-06-14_045012787
0.3801693,0.5065051, 2.439823,2012-06-14_045012863
0.3792647,0.510908, 2.43569,2012-06-14_045012941
0.3743728,0.5258374, 2.421417,2012-06-14_045013029
0.3676631,0.5485362, 2.410743,2012-06-14_045013112
0.3564856,0.5909069, 2.387148,2012-06-14_045013202
0.3348153,0.6306713, 2.3583,2012-06-14_045013282
0.320256,0.6490484, 2.347623,2012-06-14_045013364
0.2989657,0.6596448, 2.329695,2012-06-14_045013442
0.2594807,0.672255, 2.287903,2012-06-14_045013534
0.2425791,0.6742037, 2.26677,2012-06-14_045013612
0.2325728,0.6775279, 2.249567,2012-06-14_045013701
0.213801,0.6946963, 2.23523,2012-06-14_045013791
0.1955625,0.7107984, 2.23048,2012-06-14_045013869
0.1800599,0.7268713, 2.227916,2012-06-14_045013944
0.185955,0.7557566, 2.230106,2012-06-14_045014062
0.1857129,0.7595634, 2.231,2012-06-14_045014134
0.153329,0.7434959, 2.227426,2012-06-14_045014214
0.1379892,0.7322778, 2.223916,2012-06-14_045014303
0.1440828,0.7136879, 2.215146,2012-06-14_045014387
0.1546793,0.6902891, 2.205872,2012-06-14_045014468
0.1803036,0.655602, 2.202305,2012-06-14_045014555
0.1948707,0.6472797, 2.205317,2012-06-14_045014633
0.2206287,0.6331851, 2.219273,2012-06-14_045014722
0.2361613,0.6154805, 2.228172,2012-06-14_045014801
0.2504706,0.5845048, 2.235953,2012-06-14_045014876
0.2627268,0.5489651, 2.242764,2012-06-14_045014967
0.2686195,0.510771, 2.251677,2012-06-14_045015058
0.2707942,0.4814884, 2.256481,2012-06-14_045015140
0.2875486,0.4291311, 2.259375,2012-06-14_045015214
0.2937976,0.4017321, 2.258482,2012-06-14_045015299
0.2975818,0.3761602, 2.257202,2012-06-14_045015372
0.3065369,0.3357493, 2.25498,2012-06-14_045015460
0.3102336,0.315506, 2.255982,2012-06-14_045015533
0.3134024,0.294824, 2.261889,2012-06-14_045015612
0.3222026,0.2701763, 2.27269,2012-06-14_045015706
0.3270102,0.2549277, 2.278959,2012-06-14_045015775
0.3286981,0.2243862, 2.284191,2012-06-14_045015857
0.3232516,0.198142, 2.277791,2012-06-14_045015953
0.3086684,0.1802059, 2.254702,2012-06-14_045016030
0.2805471,0.167152, 2.213742,2012-06-14_045016110
0.2222121,0.1599803, 2.136748,2012-06-14_045016196
0.1682548,0.1617077, 2.106096,2012-06-14_045016273
0.07079145,0.1563024, 2.049268,2012-06-14_045016364
0.006065746,0.1404792, 2.016979,2012-06-14_045016454
-0.02672698,0.1674663, 2.037355,2012-06-14_045016532
-0.06429918,0.1918185, 2.072753,2012-06-14_045016622
-0.1076388,0.1615857, 2.137418,2012-06-14_045016698
-0.1154605,0.1233254, 2.121518,2012-06-14_045016773
-0.1226678,0.111152, 2.118041,2012-06-14_045016861
-0.1253509,0.1091911, 2.117574,2012-06-14_045016938
-0.1241006,0.1089862, 2.116854,2012-06-14_045017017
-0.1004873,0.107743, 2.114622,2012-06-14_045017099
-0.08808959,0.114899, 2.11534,2012-06-14_045017182
-0.01409546,0.1426804, 2.107959,2012-06-14_045017257
0.05184075,0.1478777, 2.072387,2012-06-14_045017337
0.08843385,0.1386676, 2.063939,2012-06-14_045017409
0.1702184,0.1418359, 2.142307,2012-06-14_045017492
0.1883711,0.1492881, 2.195575,2012-06-14_045017569
0.2067919,0.1561428, 2.223157,2012-06-14_045017655
0.2128047,0.1578438, 2.230636,2012-06-14_045017733
0.2158047,0.1577475, 2.235574,2012-06-14_045017824
0.2044621,0.148437, 2.232674,2012-06-14_045017900
0.1685869,0.1303076, 2.205743,2012-06-14_045017985
0.1538555,0.1356521, 2.176676,2012-06-14_045018057
0.1411645,0.166615, 2.063393,2012-06-14_045018132
0.1165536,0.224996, 2.02201,2012-06-14_045018218
0.1042015,0.3298177, 2.025801,2012-06-14_045018300
0.08116017,0.4243248, 2.004711,2012-06-14_045018395
0.05801334,0.4808187, 2.009197,2012-06-14_045018468
0.03461812,0.5600097, 1.985717,2012-06-14_045018544
0.02644308,0.6919413, 2.021486,2012-06-14_045018629
0.0235239,0.74864, 2.076695,2012-06-14_045018722
0.01855097,0.7649674, 2.096631,2012-06-14_045018800
0.01344021,0.7738322, 2.108614,2012-06-14_045018889
0.01046215,0.7724857, 2.109362,2012-06-14_045018963
0.004536627,0.7518178, 2.094607,2012-06-14_045019034
0.003330179,0.6917146, 2.061607,2012-06-14_045019123
0.008936687,0.6313142, 2.040472,2012-06-14_045019207
0.003131473,0.5340449, 1.997941,2012-06-14_045019293
-0.014448,0.4951136, 1.969421,2012-06-14_045019373
-0.0212798,0.3907037, 1.941253,2012-06-14_045019453
-0.02148983,0.28895, 1.932176,2012-06-14_045019528
-0.009742631,0.1804928, 1.972428,2012-06-14_045019621
-0.004464024,0.08406049, 2.011508,2012-06-14_045019686
-0.007233473,0.02601391, 2.100659,2012-06-14_045019762
-0.006669747,0.04139105, 2.15411,2012-06-14_045019840
0.007008192,0.04331803, 2.16092,2012-06-14_045019909
-0.00651188,-0.004522034, 2.165371,2012-06-14_045019991
-0.01959619,-0.03147607, 2.172327,2012-06-14_045020073
-0.03120274,-0.04854864, 2.175771,2012-06-14_045020159
-0.03239544,-0.03751084, 2.155782,2012-06-14_045020233
-0.02293321,0.01125751, 2.103091,2012-06-14_045020308
-0.004979783,0.07583191, 2.011328,2012-06-14_045020388
0.008218758,0.1378002, 1.956218,2012-06-14_045020466
0.01823484,0.2298016, 1.887895,2012-06-14_045020560
0.02145831,0.2918432, 1.855588,2012-06-14_045020630
0.02602094,0.3902193, 1.908953,2012-06-14_045020700
0.02299675,0.4582204, 1.912366,2012-06-14_045020782
-0.01254642,0.526008, 1.8897,2012-06-14_045020856
0.01217521,0.5615513, 1.989893,2012-06-14_045020930
0.01901028,0.5816147, 2.02265,2012-06-14_045021017
0.01745765,0.6049564, 2.036963,2012-06-14_045021094
0.01092867,0.6372675, 2.056238,2012-06-14_045021168
0.008203469,0.6579435, 2.070145,2012-06-14_045021262
0.006591307,0.665262, 2.074568,2012-06-14_045021338
0.00489446,0.6694284, 2.076968,2012-06-14_045021430
-0.01989377,0.677407, 2.043144,2012-06-14_045021503
-0.02492001,0.6070217, 2.028731,2012-06-14_045021586
-0.03748802,0.5866724, 2.000989,2012-06-14_045021661
-0.04560541,0.536146, 1.974999,2012-06-14_045021738
-0.06575219,0.4679605, 1.904714,2012-06-14_045021826
-0.05853771,0.3308506, 1.899852,2012-06-14_045021917
-0.05680896,0.198361, 1.959518,2012-06-14_045021987
-0.05249161,0.1593056, 2.022299,2012-06-14_045022064
-0.04104674,0.1058809, 2.087504,2012-06-14_045022154
-0.02738504,0.06191225, 2.139047,2012-06-14_045022227
0.02431515,0.0195474, 2.126624,2012-06-14_045022327
0.0935078,0.02360542, 2.163514,2012-06-14_045022404
0.19101,0.06484171, 2.245946,2012-06-14_045022486
0.2373403,0.09396435, 2.273162,2012-06-14_045022562
0.2879527,0.1337096, 2.289045,2012-06-14_045022638
0.3527905,0.2215735, 2.317121,2012-06-14_045022723
0.3837399,0.2814668, 2.337434,2012-06-14_045022805
0.392206,0.3441721, 2.356882,2012-06-14_045022892
0.3956242,0.3845789, 2.368487,2012-06-14_045022967
0.3984002,0.4155942, 2.378687,2012-06-14_045023054
0.3992228,0.4455851, 2.388304,2012-06-14_045023130
0.3997521,0.4519819, 2.389632,2012-06-14_045023210
0.4118762,0.4060775, 2.354702,2012-06-14_045023297
0.410517,0.3465635, 2.321024,2012-06-14_045023372
0.3998904,0.2901239, 2.298579,2012-06-14_045023457
0.3725547,0.203537, 2.264896,2012-06-14_045023529
0.3505781,0.1499521, 2.241337,2012-06-14_045023602
0.2890331,0.09202303, 2.219279,2012-06-14_045023694
0.2543996,0.05408325, 2.207024,2012-06-14_045023763
0.2265316,0.03041257, 2.197617,2012-06-14_045023838
0.1935996,0.01339234, 2.188115,2012-06-14_045023928
0.1475102,-0.002270962, 2.165314,2012-06-14_045024008
0.08402206,0.01248585, 2.132966,2012-06-14_045024094
0.02559363,0.01225721, 2.085459,2012-06-14_045024174
-0.02329374,0.01736424, 2.058654,2012-06-14_045024261
-0.08452751,0.04223585, 2.050768,2012-06-14_045024336
-0.1854406,0.07513734, 2.062017,2012-06-14_045024426
-0.2621466,0.08357841, 2.073728,2012-06-14_045024505
-0.3791111,0.08943141, 2.096791,2012-06-14_045024593
-0.397026,0.1548728, 2.114573,2012-06-14_045024675
-0.3601945,0.2255439, 2.112722,2012-06-14_045024756
-0.3514268,0.2330848, 2.108909,2012-06-14_045024832
-0.348472,0.1798761, 2.090914,2012-06-14_045024903
-0.3518167,0.05358347, 2.06589,2012-06-14_045024998
-0.317007,-0.02950842, 2.04343,2012-06-14_045025092
-0.1771571,-0.04155653, 2.015472,2012-06-14_045025166
-0.08708457,-0.02784629, 2.010304,2012-06-14_045025241
-0.01483058,-0.005653297, 1.996314,2012-06-14_045025333
0.0363664,0.01426156, 1.971997,2012-06-14_045025409
0.107904,0.04248428, 1.929555,2012-06-14_045025496
0.2146304,0.1349527, 1.928233,2012-06-14_045025597
0.2807901,0.233978, 1.964675,2012-06-14_045025672
0.3199666,0.2690499, 1.9876,2012-06-14_045025759
0.3513162,0.3290752, 2.049108,2012-06-14_045025840
0.3743209,0.3708634, 2.084743,2012-06-14_045025929
0.3729532,0.4102673, 2.108329,2012-06-14_045026012
0.3684925,0.4630399, 2.126568,2012-06-14_045026173
0.3762567,0.5490342, 2.142126,2012-06-14_045026255
0.3622246,0.600985, 2.154159,2012-06-14_045026323
0.3602444,0.6508511, 2.165303,2012-06-14_045026407
0.3554738,0.6959604, 2.178159,2012-06-14_045026492
0.347936,0.7293596, 2.184901,2012-06-14_045026586
0.3449105,0.7425334, 2.186692,2012-06-14_045026662
0.3568994,0.7291239, 2.179316,2012-06-14_045026740
0.3862258,0.6593559, 2.157339,2012-06-14_045026826
0.3932758,0.5087669, 2.1004