-0.410622,-0.05987484,2.264208,2012-06-14_045007595
-0.412809,-0.06044858,2.265334,2012-06-14_045007735
-0.4139217,-0.06100191,2.266243,2012-06-14_045007827
-0.4146309,-0.06132551,2.266873,2012-06-14_045007917
-0.4157101,-0.06171965,2.267848,2012-06-14_045008033
-0.416053,-0.06180099,2.268083,2012-06-14_045008109
-0.4164353,-0.06209613,2.267852,2012-06-14_045008210
-0.4164313,-0.0623308,2.267195,2012-06-14_045008301
-0.4156955,-0.06161595,2.264506,2012-06-14_045008392
-0.4142655,-0.0586941,2.260921,2012-06-14_045008472
-0.4069255,-0.04541817,2.249508,2012-06-14_045008562
-0.3991852,-0.03637902,2.238064,2012-06-14_045008636
-0.3931101,-0.02999018,2.228988,2012-06-14_045008711
-0.3881348,-0.0250372,2.221696,2012-06-14_045008796
-0.3873895,-0.02438404,2.219758,2012-06-14_045008874
-0.4168376,-0.03816571,2.227399,2012-06-14_045008961
-0.4530316,-0.05095904,2.23636,2012-06-14_045009040
-0.5333539,-0.0579472,2.24309,2012-06-14_045009132
-0.5936729,-0.04128247,2.24274,2012-06-14_045009206
-0.6792027,0.001202601,2.240947,2012-06-14_045009293
-0.7492031,0.04381534,2.241782,2012-06-14_045009372
-0.8313243,0.1324652,2.242674,2012-06-14_045009459
-0.8713304,0.201505,2.247445,2012-06-14_045009540
-0.9264072,0.284976,2.249255,2012-06-14_045009624
-0.9452171,0.3541351,2.255265,2012-06-14_045009704
-0.9608854,0.4606958,2.260664,2012-06-14_045009797
-0.9665716,0.5063694,2.242578,2012-06-14_045009869
-0.973846,0.5844401,2.256551,2012-06-14_045009946
-0.9717048,0.6392457,2.268398,2012-06-14_045010039
-0.9610816,0.6704454,2.26777,2012-06-14_045010132
-0.961314,0.6806223,2.26167,2012-06-14_045010201
-0.9598389,0.6848647,2.257321,2012-06-14_045010281
-0.9609119,0.6739075,2.248338,2012-06-14_045010367
-0.9678926,0.6562222,2.240265,2012-06-14_045010440
-0.9581291,0.5836499,2.238638,2012-06-14_045010526
-0.9579988,0.5449736,2.235024,2012-06-14_045010600
-0.9680171,0.4993905,2.228401,2012-06-14_045010670
-0.9880409,0.3848778,2.240635,2012-06-14_045010771
-0.9845944,0.3598402,2.241741,2012-06-14_045010841
-0.9798251,0.1482456,2.240267,2012-06-14_045010936
-0.948633,0.04310167,2.232529,2012-06-14_045011004
-0.878457,-0.07583833,2.221252,2012-06-14_045011092
-0.8213295,-0.1336194,2.213799,2012-06-14_045011175
-0.7179762,-0.2090334,2.189861,2012-06-14_045011269
-0.6224233,-0.2236781,2.176519,2012-06-14_045011361
-0.5908011,-0.2132714,2.172777,2012-06-14_045011441
-0.5922366,-0.1318005,2.17992,2012-06-14_045011535
-0.6344453,-0.09287658,2.176888,2012-06-14_045011609
-0.7297997,-0.03650855,2.167739,2012-06-14_045011708
-0.8252036,0.04934492,2.16879,2012-06-14_045011793
-0.8790204,0.1105177,2.176588,2012-06-14_045011872
-0.9059111,0.1584045,2.191622,2012-06-14_045011943
-0.9491363,0.2565687,2.224784,2012-06-14_045012037
-0.9644644,0.3098602,2.23283,2012-06-14_045012129
-0.9673256,0.3457854,2.232471,2012-06-14_045012211
-0.9733186,0.41479,2.21709,2012-06-14_045012307
-1.00089,0.4560088,2.152873,2012-06-14_045012374
-1.029343,0.4704106,2.112784,2012-06-14_045012450
-1.03409,0.4683,2.114482,2012-06-14_045012539
-0.9942702,0.4496683,2.195717,2012-06-14_045012629
-0.9967189,0.4137225,2.235098,2012-06-14_045012702
-1.024511,0.3617027,2.256619,2012-06-14_045012787
-1.045194,0.3323928,2.26593,2012-06-14_045012863
-1.05409,0.280258,2.291824,2012-06-14_045012941
-1.056285,0.2457275,2.312747,2012-06-14_045013029
-1.052054,0.2289252,2.322088,2012-06-14_045013112
-1.021394,0.1491082,2.350091,2012-06-14_045013202
-1.001132,0.1290971,2.361361,2012-06-14_045013282
-1.015786,0.07437336,2.374731,2012-06-14_045013364
-1.016548,0.05891424,2.38215,2012-06-14_045013442
-1.005791,0.03320777,2.409573,2012-06-14_045013534
-0.9996645,0.01843005,2.422545,2012-06-14_045013612
-0.9190508,0.0122971,2.43787,2012-06-14_045013701
-0.9337748,-0.03769775,2.452963,2012-06-14_045013791
-0.9376466,-0.0620947,2.45037,2012-06-14_045013869
-0.9529492,-0.1075568,2.454716,2012-06-14_045013944
-0.9393576,-0.1309501,2.451252,2012-06-14_045014062
-0.9359775,-0.1373661,2.451493,2012-06-14_045014134
-0.9261852,-0.139653,2.452294,2012-06-14_045014214
-0.9216525,-0.1401917,2.454049,2012-06-14_045014303
-0.9202645,-0.1356955,2.459651,2012-06-14_045014387
-0.9257839,-0.1234636,2.470541,2012-06-14_045014468
-0.9217009,-0.05329942,2.463465,2012-06-14_045014555
-0.9638232,-0.05842856,2.465099,2012-06-14_045014633
-0.989931,-0.05947431,2.46381,2012-06-14_045014722
-0.9338154,-0.008111466,2.437594,2012-06-14_045014801
-0.9660618,-0.02591236,2.440329,2012-06-14_045014876
-0.9463779,-0.01795179,2.432989,2012-06-14_045014967
-0.9484373,-0.02640252,2.435672,2012-06-14_045015058
-0.9487359,-0.02965344,2.436738,2012-06-14_045015140
-0.9470341,-0.0310901,2.438142,2012-06-14_045015214
-0.9465072,-0.02947333,2.441158,2012-06-14_045015299
-0.9514806,-0.01951072,2.449807,2012-06-14_045015372
-0.9747714,0.04047924,2.453998,2012-06-14_045015460
-0.9790938,0.07901806,2.447455,2012-06-14_045015533
-0.9765527,0.1042169,2.439668,2012-06-14_045015612
-0.9897194,0.1333599,2.41963,2012-06-14_045015706
-0.9977641,0.1408153,2.411906,2012-06-14_045015775
-0.9981546,0.1526387,2.401122,2012-06-14_045015857
-0.980175,0.1757118,2.385251,2012-06-14_045015953
-0.9705082,0.1879493,2.357728,2012-06-14_045016030
-0.9473268,0.1955141,2.311575,2012-06-14_045016111
-0.8665178,0.2016253,2.195603,2012-06-14_045016196
-0.8052095,0.1986112,2.148504,2012-06-14_045016273
-0.6764656,0.1907766,2.104729,2012-06-14_045016364
-0.5572875,0.1898705,2.066345,2012-06-14_045016454
-0.5073494,0.1868179,2.040825,2012-06-14_045016532
-0.4403139,0.227034,2.072435,2012-06-14_045016622
-0.3820466,0.2342535,2.064055,2012-06-14_045016698
-0.3414848,0.2247607,2.067834,2012-06-14_045016773
-0.3626765,0.1972816,2.110672,2012-06-14_045016861
-0.3761853,0.1877162,2.115809,2012-06-14_045016938
-0.3874086,0.1826454,2.115649,2012-06-14_045017017
-0.4031004,0.1789476,2.105619,2012-06-14_045017099
-0.4049391,0.212514,2.098972,2012-06-14_045017182
-0.4457022,0.2224247,2.079309,2012-06-14_045017257
-0.5135355,0.2297781,2.106494,2012-06-14_045017337
-0.5457224,0.231661,2.115373,2012-06-14_045017409
-0.6262901,0.1818835,2.094202,2012-06-14_045017492
-0.6617072,0.1777149,2.085194,2012-06-14_045017569
-0.7089211,0.2026806,2.171814,2012-06-14_045017655
-0.7201303,0.205894,2.18519,2012-06-14_045017733
-0.7283417,0.2075151,2.194107,2012-06-14_045017824
-0.7296781,0.2068026,2.195666,2012-06-14_045017900
-0.711757,0.1992747,2.192414,2012-06-14_045017985
-0.6790265,0.1924142,2.191571,2012-06-14_045018057
-0.6511514,0.1800688,2.177894,2012-06-14_045018132
-0.6234824,0.1379561,2.155292,2012-06-14_045018218
-0.6044132,0.04782363,2.126253,2012-06-14_045018300
-0.5874055,-0.03514129,2.172052,2012-06-14_045018395
-0.5709087,-0.06944624,2.213915,2012-06-14_045018468
-0.5620141,-0.08577599,2.254325,2012-06-14_045018544
-0.5592663,-0.09729499,2.299044,2012-06-14_045018629
-0.5650678,-0.09841326,2.335792,2012-06-14_045018722
-0.5700832,-0.09873896,2.354831,2012-06-14_045018800
-0.5767983,-0.09714634,2.368674,2012-06-14_045018889
-0.5806369,-0.09451221,2.372214,2012-06-14_045018963
-0.5840569,-0.09159117,2.37222,2012-06-14_045019034
-0.5910354,-0.07420162,2.328403,2012-06-14_045019123
-0.5890315,-0.05625384,2.272475,2012-06-14_045019207
-0.5894723,-0.00577714,2.167472,2012-06-14_045019293
-0.5874047,0.03613312,2.099487,2012-06-14_045019373
-0.5808794,0.132221,2.010033,2012-06-14_045019453
-0.5756912,0.2300966,1.979155,2012-06-14_045019528
-0.5651473,0.2860139,1.929986,2012-06-14_045019621
-0.5460758,0.3518434,1.868474,2012-06-14_045019686
-0.536651,0.4210724,1.854535,2012-06-14_045019762
-0.5187188,0.5022511,1.858308,2012-06-14_045019840
-0.5117702,0.5775892,1.868896,2012-06-14_045019909
-0.5212585,0.6848748,1.966673,2012-06-14_045019991
-0.529075,0.7208932,2.015986,2012-06-14_045020073
-0.5331327,0.7224793,2.025675,2012-06-14_045020159
-0.5320647,0.7256415,2.031478,2012-06-14_045020233
-0.5297261,0.7079121,2.030284,2012-06-14_045020308
-0.5253392,0.6143126,2.004857,2012-06-14_045020388
-0.5138804,0.5740339,1.983787,2012-06-14_045020466
-0.5162566,0.4780689,1.978624,2012-06-14_045020560
-0.5260828,0.3976128,1.987677,2012-06-14_045020630
-0.5306387,0.3421289,1.999256,2012-06-14_045020700
-0.5325342,0.2521589,2.004579,2012-06-14_045020782
-0.5198929,0.1496587,2.049395,2012-06-14_045020856
-0.5231651,0.1202747,2.091202,2012-06-14_045020930
-0.5207853,0.07398957,2.148968,2012-06-14_045021017
-0.5380958,0.04699198,2.184126,2012-06-14_045021094
-0.5547676,0.03001556,2.199649,2012-06-14_045021168
-0.5656776,0.02064809,2.209025,2012-06-14_045021262
-0.5717089,0.01528478,2.217022,2012-06-14_045021338
-0.5762333,0.009825928,2.22626,2012-06-14_045021430
-0.575556,0.004957534,2.225538,2012-06-14_045021503
-0.5683875,-0.02337715,2.191848,2012-06-14_045021586
-0.5658768,-0.03335653,2.175615,2012-06-14_045021661
-0.5633087,-0.03681769,2.163496,2012-06-14_045021738
-0.5438538,-0.02105829,2.13552,2012-06-14_045021826
-0.5203025,0.005382927,2.111063,2012-06-14_045021917
-0.5009283,0.03575772,2.09916,2012-06-14_045021987
-0.4856161,0.06497923,2.102415,2012-06-14_045022064
-0.4791307,0.06975468,2.105511,2012-06-14_045022154
-0.4721023,0.04460962,2.119623,2012-06-14_045022227
-0.5061479,-0.0166379,2.147207,2012-06-14_045022327
-0.5761663,-0.05133614,2.156568,2012-06-14_045022404
-0.7084342,-0.0124291,2.203195,2012-06-14_045022486
-0.7797452,0.04282321,2.232211,2012-06-14_045022562
-0.8298428,0.08584641,2.246645,2012-06-14_045022638
-0.9096256,0.1697293,2.26905,2012-06-14_045022723
-0.9539411,0.217462,2.294971,2012-06-14_045022805
-0.9916718,0.2680135,2.329571,2012-06-14_045022892
-1.012102,0.304433,2.33647,2012-06-14_045022967
-1.039969,0.3431355,2.339959,2012-06-14_045023054
-1.051823,0.3720836,2.345176,2012-06-14_045023130
-1.052919,0.3796285,2.347789,2012-06-14_045023210
-1.041785,0.353656,2.350317,2012-06-14_045023297
-1.019054,0.2786163,2.344457,2012-06-14_045023372
-0.9987378,0.2207439,2.330223,2012-06-14_045023457
-0.9676437,0.1336367,2.314106,2012-06-14_045023529
-0.8841236,0.08307245,2.281419,2012-06-14_045023602
-0.8325572,0.02201631,2.255417,2012-06-14_045023694
-0.7810718,0.0003187475,2.250368,2012-06-14_045023763
-0.749507,-0.01679524,2.248867,2012-06-14_045023838
-0.7136172,-0.03762921,2.246561,2012-06-14_045023928
-0.6609703,-0.04515433,2.244203,2012-06-14_045024008
-0.611062,-0.03148641,2.257478,2012-06-14_045024094
-0.581943,-0.0072357,2.297412,2012-06-14_045024174
-0.5700263,0.003004667,2.312473,2012-06-14_045024261
-0.5625715,0.007707899,2.311893,2012-06-14_045024336
-0.5282612,0.02004199,2.288627,2012-06-14_045024426
-0.511468,0.02700099,2.272739,2012-06-14_045024505
-0.5056356,0.03112433,2.26444,2012-06-14_045024593
-0.4337792,0.2283418,2.104118,2012-06-14_045024675
-0.4234584,0.275865,2.082711,2012-06-14_045024756
-0.4205484,0.2790258,2.085826,2012-06-14_045024832
-0.4426289,0.2183811,2.123296,2012-06-14_045024903
-0.432573,0.08469789,2.114389,2012-06-14_045024998
-0.5234761,-0.06193499,2.271079,2012-06-14_045025092
-0.5307,-0.08122047,2.286412,2012-06-14_045025166
-0.542521,-0.09896524,2.30262,2012-06-14_045025241
-0.6202342,-0.112006,2.312024,2012-06-14_045025333
-0.7205335,-0.1051627,2.340082,2012-06-14_045025409
-0.8210456,-0.07177985,2.375053,2012-06-14_045025496
-0.9220073,0.005961475,2.408648,2012-06-14_045025597
-0.9657957,0.1300451,2.409722,2012-06-14_045025672
-0.9775343,0.1985003,2.400801,2012-06-14_045025759
-1.019098,0.2747134,2.378063,2012-06-14_045025840
-1.037104,0.3243419,2.353243,2012-06-14_045025929
-1.040787,0.3588905,2.339586,2012-06-14_045026012
-1.042965,0.3947221,2.286396,2012-06-14_045026173
-1.033241,0.3803108,2.2187,2012-06-14_045026255
-1.004524,0.3299625,2.183179,2012-06-14_045026323
-0.9799077,0.289584,2.152488,2012-06-14_045026407
-0.9523827,0.2566421,2.141065,2012-06-14_045026492
-0.9402655,0.2387593,2.139964,2012-06-14_045026586
-0.9226573,0.2386312,2.12097,2012-06-14_045026662
-0.9153137,0.2349048,2.114427,2012-06-14_045026740
-0.9023885,0.2123664,2.109323,2012-06-14_045026826
-0.8570463,0.1559404,2.114021,2012-06-14_045026902
-0.7948171,0.1049534,2.140192,2012-06-14