-0.1173363,-0.8561687,1.882299,2012-06-18_011422254
-0.1172211,-0.8572993,1.882892,2012-06-18_011422401
-0.1172065,-0.8576838,1.883094,2012-06-18_011422475
-0.1172115,-0.8580574,1.883294,2012-06-18_011422549
-0.1172253,-0.8584435,1.883469,2012-06-18_011422618
-0.1172447,-0.8588216,1.883615,2012-06-18_011422691
-0.1173282,-0.8595304,1.883833,2012-06-18_011422798
-0.1173711,-0.8599018,1.883926,2012-06-18_011422871
-0.1174262,-0.8603113,1.884012,2012-06-18_011422951
-0.114521,-0.8601292,1.883414,2012-06-18_011423014
-0.1092487,-0.8594084,1.882266,2012-06-18_011423081
-0.106248,-0.859019,1.881542,2012-06-18_011423150
-0.1048202,-0.8586748,1.881339,2012-06-18_011423221
-0.1050646,-0.8582905,1.881493,2012-06-18_011423312
-0.1059148,-0.8578141,1.881727,2012-06-18_011423384
-0.1067922,-0.8573552,1.881987,2012-06-18_011423452
-0.1082708,-0.8567556,1.882322,2012-06-18_011423532
-0.1095689,-0.8563633,1.882559,2012-06-18_011423607
-0.1115277,-0.8559083,1.882734,2012-06-18_011423682
-0.1132892,-0.855472,1.882858,2012-06-18_011423755
-0.1154439,-0.8543672,1.882989,2012-06-18_011423844
-0.1167004,-0.8531624,1.883059,2012-06-18_011423913
-0.1178306,-0.8517951,1.883088,2012-06-18_011423987
-0.1193688,-0.8491606,1.88303,2012-06-18_011424078
-0.1200129,-0.8476613,1.882971,2012-06-18_011424157
-0.1205858,-0.8460471,1.882862,2012-06-18_011424244
-0.1208158,-0.8453577,1.882767,2012-06-18_011424310
-0.1209776,-0.8447188,1.882632,2012-06-18_011424382
-0.1210769,-0.8438958,1.882413,2012-06-18_011424456
-0.1211876,-0.842171,1.881943,2012-06-18_011424538
-0.1213993,-0.8407583,1.881612,2012-06-18_011424607
-0.1216744,-0.8391943,1.881242,2012-06-18_011424691
-0.1218633,-0.8377129,1.880851,2012-06-18_011424755
-0.1219635,-0.8354778,1.880183,2012-06-18_011424836
-0.1219555,-0.8340071,1.879721,2012-06-18_011424910
-0.1218497,-0.8324203,1.879228,2012-06-18_011424989
-0.1213977,-0.8301714,1.87861,2012-06-18_011425084
-0.1202608,-0.8275682,1.878155,2012-06-18_011425169
-0.1194309,-0.8258868,1.877934,2012-06-18_011425232
-0.1185249,-0.8242452,1.877764,2012-06-18_011425307
-0.1177905,-0.8229772,1.877643,2012-06-18_011425381
-0.1172497,-0.8221233,1.877567,2012-06-18_011425455
-0.1168387,-0.8216316,1.877484,2012-06-18_011425549
-0.1167468,-0.8215142,1.877439,2012-06-18_011425622
-0.1168033,-0.8216659,1.877415,2012-06-18_011425706
-0.1170722,-0.8221749,1.877488,2012-06-18_011425775
-0.1175888,-0.8231859,1.877668,2012-06-18_011425843
-0.1183702,-0.824621,1.87797,2012-06-18_011425912
-0.1193726,-0.8265048,1.878371,2012-06-18_011425992
-0.1208108,-0.8298223,1.879098,2012-06-18_011426090
-0.1220667,-0.8328598,1.879786,2012-06-18_011426167
-0.1226107,-0.8346283,1.880317,2012-06-18_011426267
-0.1230084,-0.8365524,1.880971,2012-06-18_011426348
-0.1229037,-0.8375255,1.881371,2012-06-18_011426421
-0.1226481,-0.8382945,1.881722,2012-06-18_011426489
-0.1221605,-0.8394951,1.882215,2012-06-18_011426575
-0.1215503,-0.840944,1.882651,2012-06-18_011426646
-0.120431,-0.8429023,1.883127,2012-06-18_011426721
-0.1176694,-0.8458821,1.883748,2012-06-18_011426807
-0.1159176,-0.8476359,1.883932,2012-06-18_011426887
-0.1143964,-0.8491629,1.884138,2012-06-18_011426952
-0.1132391,-0.8505261,1.884308,2012-06-18_011427022
-0.1118202,-0.8524687,1.884265,2012-06-18_011427108
-0.1109954,-0.8534949,1.8844,2012-06-18_011427189
-0.1100597,-0.8546928,1.8846,2012-06-18_011427275
-0.1088427,-0.8557116,1.884358,2012-06-18_011427355
-0.1080837,-0.8564791,1.884235,2012-06-18_011427423
-0.1074894,-0.8573962,1.884228,2012-06-18_011427508
-0.1075152,-0.8578771,1.884317,2012-06-18_011427581
-0.1078518,-0.8583351,1.884427,2012-06-18_011427655
-0.1084444,-0.8588848,1.884553,2012-06-18_011427736
-0.1090555,-0.859194,1.88457,2012-06-18_011427820
-0.109718,-0.8594126,1.884565,2012-06-18_011427893
-0.1106808,-0.859586,1.884544,2012-06-18_011427974
-0.1113882,-0.8595793,1.884513,2012-06-18_011428043
-0.1121755,-0.8592154,1.884434,2012-06-18_011428117