-0.3041736,-0.8564314,1.867005,2012-06-18_011422254
-0.3042307,-0.8566591,1.866966,2012-06-18_011422401
-0.304253,-0.8567473,1.866968,2012-06-18_011422475
-0.304246,-0.8568406,1.866982,2012-06-18_011422549
-0.3042297,-0.8569546,1.867002,2012-06-18_011422618
-0.3041999,-0.8570613,1.867024,2012-06-18_011422691
-0.3040604,-0.8572884,1.867104,2012-06-18_011422798
-0.3039988,-0.8574285,1.867149,2012-06-18_011422871
-0.303924,-0.8576165,1.867215,2012-06-18_011422951
-0.3037986,-0.8578804,1.867343,2012-06-18_011423014
-0.3036794,-0.8581723,1.867494,2012-06-18_011423081
-0.3033934,-0.8584711,1.867768,2012-06-18_011423150
-0.3030266,-0.8587874,1.868089,2012-06-18_011423221
-0.3027919,-0.8589762,1.868286,2012-06-18_011423312
-0.3025716,-0.8591448,1.868465,2012-06-18_011423384
-0.3023927,-0.8593003,1.868591,2012-06-18_011423452
-0.3022061,-0.8595318,1.868735,2012-06-18_011423532
-0.3021395,-0.8597044,1.868822,2012-06-18_011423607
-0.3021147,-0.8598926,1.868915,2012-06-18_011423682
-0.3021652,-0.8601044,1.869002,2012-06-18_011423755
-0.3116859,-0.8627638,1.861044,2012-06-18_011423844
-0.3237436,-0.8658093,1.850429,2012-06-18_011423913
-0.3297641,-0.8672786,1.844893,2012-06-18_011423987
-0.3337058,-0.8682256,1.841078,2012-06-18_011424078
-0.3348537,-0.8684932,1.839913,2012-06-18_011424157
-0.3356412,-0.8686691,1.839045,2012-06-18_011424244
-0.3357925,-0.8686901,1.838755,2012-06-18_011424310
-0.3260594,-0.8659936,1.847987,2012-06-18_011424382
-0.3139734,-0.8626487,1.85958,2012-06-18_011424456
-0.3060253,-0.860501,1.867114,2012-06-18_011424538
-0.303917,-0.8599109,1.869117,2012-06-18_011424607
-0.302793,-0.859593,1.870186,2012-06-18_011424691
-0.3022301,-0.8593497,1.870722,2012-06-18_011424755
-0.3021779,-0.8587341,1.87078,2012-06-18_011424836
-0.3025073,-0.8581157,1.870469,2012-06-18_011424910
-0.30304,-0.8572113,1.869921,2012-06-18_011424989
-0.3038889,-0.8555339,1.869005,2012-06-18_011425084
-0.3044915,-0.8536244,1.868165,2012-06-18_011425169
-0.3047435,-0.8523961,1.867697,2012-06-18_011425232
-0.304939,-0.8513229,1.867314,2012-06-18_011425307
-0.3050924,-0.8504102,1.867039,2012-06-18_011425381
-0.3051775,-0.8496954,1.866852,2012-06-18_011425455
-0.305207,-0.848937,1.866675,2012-06-18_011425549
-0.3051915,-0.8486704,1.866621,2012-06-18_011425622
-0.305173,-0.8485136,1.86659,2012-06-18_011425706
-0.3051288,-0.8486441,1.866618,2012-06-18_011425775
-0.3051278,-0.8493352,1.86672,2012-06-18_011425843
-0.3051215,-0.8504482,1.866909,2012-06-18_011425912
-0.3049665,-0.8517658,1.867183,2012-06-18_011425992
-0.3045936,-0.8536121,1.867667,2012-06-18_011426090
-0.3041449,-0.8551053,1.868207,2012-06-18_011426167
-0.3038861,-0.8559036,1.86855,2012-06-18_011426267
-0.3036327,-0.8567938,1.868972,2012-06-18_011426348
-0.3035503,-0.8572208,1.869173,2012-06-18_011426421
-0.3035054,-0.8576111,1.869354,2012-06-18_011426489
-0.303517,-0.8581225,1.869578,2012-06-18_011426575
-0.3035739,-0.8584383,1.86969,2012-06-18_011426646
-0.3118401,-0.8611432,1.862017,2012-06-18_011426721
-0.3180073,-0.8638311,1.856655,2012-06-18_011426807
-0.3156281,-0.8638569,1.859297,2012-06-18_011426887
-0.3129108,-0.8636065,1.862124,2012-06-18_011426952
-0.3107307,-0.8633508,1.864378,2012-06-18_011427022
-0.3084504,-0.8630911,1.8667,2012-06-18_011427108
-0.3074621,-0.8629879,1.867684,2012-06-18_011427189
-0.3065147,-0.8629122,1.868614,2012-06-18_011427275
-0.3061008,-0.8629131,1.869024,2012-06-18_011427355
-0.305791,-0.8629333,1.86934,2012-06-18_011427423
-0.3055666,-0.8630064,1.869637,2012-06-18_011427508
-0.3054615,-0.8630652,1.869782,2012-06-18_011427581
-0.3054,-0.8631262,1.869878,2012-06-18_011427655
-0.3053197,-0.8632366,1.87,2012-06-18_011427736
-0.3052523,-0.8633162,1.870086,2012-06-18_011427820
-0.3130676,-0.8651547,1.86356,2012-06-18_011427893
-0.3272923,-0.8684817,1.851619,2012-06-18_011427974
-0.3316053,-0.8695774,1.847955,2012-06-18_011428043
-0.3270473,-0.8693987,1.85158,2012-06-18_011428117