-0.03601949,-0.04417546,1.817522,2012-06-18_011422254
-0.03388822,-0.04442858,1.818749,2012-06-18_011422401
-0.03337121,-0.04444658,1.819068,2012-06-18_011422475
-0.03295148,-0.0444844,1.819327,2012-06-18_011422549
-0.03262207,-0.04451386,1.819531,2012-06-18_011422618
-0.03234878,-0.0445826,1.819711,2012-06-18_011422691
-0.03189366,-0.0448011,1.820052,2012-06-18_011422798
-0.03169845,-0.04502673,1.82027,2012-06-18_011422871
-0.03152731,-0.04549025,1.820594,2012-06-18_011422950
-0.03134203,-0.04670897,1.821116,2012-06-18_011423014
-0.03112612,-0.04857901,1.821677,2012-06-18_011423081
-0.03006569,-0.05053743,1.822199,2012-06-18_011423150
-0.0145492,-0.05151807,1.824677,2012-06-18_011423221
0.01016514,-0.04557626,1.82812,2012-06-18_011423312
0.03631599,-0.03267425,1.831022,2012-06-18_011423384
0.06182135,-0.01222277,1.831915,2012-06-18_011423452
0.08889845,0.02887479,1.829995,2012-06-18_011423532
0.09568852,0.05758202,1.827241,2012-06-18_011423607
0.1014313,0.07639016,1.82427,2012-06-18_011423681
0.1070532,0.091797,1.82115,2012-06-18_011423755
0.1214943,0.1192188,1.814075,2012-06-18_011423844
0.1346389,0.1441334,1.809311,2012-06-18_011423913
0.1427636,0.1733551,1.805268,2012-06-18_011423987
0.1634224,0.2166826,1.800407,2012-06-18_011424078
0.1666715,0.24085,1.797831,2012-06-18_011424157
0.1168673,0.2866333,1.796262,2012-06-18_011424244
0.1215457,0.3254194,1.792748,2012-06-18_011424310
0.1293573,0.346855,1.790455,2012-06-18_011424382
0.1345427,0.3611265,1.788826,2012-06-18_011424456
0.126394,0.3846559,1.785499,2012-06-18_011424538
0.107311,0.4006135,1.784273,2012-06-18_011424607
0.09289644,0.4152022,1.783153,2012-06-18_011424691
0.08563492,0.4289073,1.78264,2012-06-18_011424755
0.07914847,0.4494449,1.782615,2012-06-18_011424836
0.07214274,0.4611163,1.7829,2012-06-18_011424910
0.06287137,0.4708261,1.782492,2012-06-18_011424989
0.05139808,0.4799767,1.781213,2012-06-18_011425084
0.03347004,0.4748276,1.781107,2012-06-18_011425169
0.02951556,0.4749939,1.780701,2012-06-18_011425232
0.02736694,0.4758424,1.780282,2012-06-18_011425307
0.02642173,0.4770931,1.779865,2012-06-18_011425381
0.02697042,0.4785465,1.779491,2012-06-18_011425455
0.03889482,0.473782,1.77863,2012-06-18_011425549
0.06130838,0.4661914,1.777631,2012-06-18_011425622
0.08762747,0.4462019,1.776928,2012-06-18_011425706
0.09181567,0.3917059,1.786724,2012-06-18_011425775
0.1261226,0.3805865,1.785616,2012-06-18_011425843
0.1391874,0.3727978,1.785324,2012-06-18_011425911
0.1473064,0.3574446,1.786138,2012-06-18_011425992
0.1333081,0.2823065,1.790531,2012-06-18_011426090
0.1514437,0.2442149,1.787864,2012-06-18_011426167
0.1581072,0.2138161,1.785515,2012-06-18_011426267
0.150678,0.1624169,1.783649,2012-06-18_011426348
0.1438696,0.1253802,1.78305,2012-06-18_011426421
0.1328729,0.09511641,1.783906,2012-06-18_011426489
0.1096132,0.06004551,1.787361,2012-06-18_011426575
0.08985502,0.02687944,1.788986,2012-06-18_011426646
0.07189879,-0.003046719,1.78846,2012-06-18_011426721
0.0411991,-0.03477894,1.787452,2012-06-18_011426807
0.01862006,-0.04731406,1.787626,2012-06-18_011426887
-0.002768399,-0.05469404,1.788447,2012-06-18_011426952
-0.01828809,-0.05897643,1.78899,2012-06-18_011427022
-0.02896866,-0.0618339,1.789505,2012-06-18_011427108
-0.03204946,-0.06269182,1.789708,2012-06-18_011427189
-0.03434093,-0.063334,1.789877,2012-06-18_011427275
-0.03509889,-0.06356576,1.789946,2012-06-18_011427355
-0.03552429,-0.06372885,1.790001,2012-06-18_011427423
-0.03547766,-0.06385829,1.790201,2012-06-18_011427508
-0.03182717,-0.06178035,1.791149,2012-06-18_011427581
-0.02040951,-0.05471649,1.792592,2012-06-18_011427654
0.008549144,-0.04045034,1.792537,2012-06-18_011427736
0.03434829,-0.02755009,1.790648,2012-06-18_011427819
0.06013655,-0.01217066,1.788816,2012-06-18_011427893
0.08975439,0.02568362,1.787966,2012-06-18_011427974
0.1040995,0.05564246,1.788129,2012-06-18_011428043
0.1184873,0.0838534,1.786813,2012-06-18_011428117