-0.3018143,-0.8952322,1.781888,2012-06-18_011422254
-0.301774,-0.8954667,1.781745,2012-06-18_011422401
-0.3017521,-0.8955557,1.781715,2012-06-18_011422475
-0.3016866,-0.8956605,1.781697,2012-06-18_011422549
-0.301598,-0.8957913,1.781683,2012-06-18_011422618
-0.3014748,-0.8959234,1.781673,2012-06-18_011422691
-0.3010641,-0.8962148,1.781699,2012-06-18_011422798
-0.3008394,-0.8963931,1.781719,2012-06-18_011422871
-0.3005356,-0.8966333,1.781764,2012-06-18_011422951
-0.3000609,-0.8969675,1.781888,2012-06-18_011423014
-0.2995379,-0.897323,1.782043,2012-06-18_011423081
-0.2986431,-0.8976518,1.782359,2012-06-18_011423150
-0.2971265,-0.8979645,1.78277,2012-06-18_011423221
-0.2960177,-0.8981347,1.783037,2012-06-18_011423312
-0.2948158,-0.8982763,1.783298,2012-06-18_011423384
-0.2935624,-0.8984242,1.783494,2012-06-18_011423452
-0.2918917,-0.8986689,1.783725,2012-06-18_011423532
-0.2910781,-0.8988453,1.78385,2012-06-18_011423607
-0.2904665,-0.899013,1.783966,2012-06-18_011423682
-0.2900924,-0.8991547,1.784045,2012-06-18_011423755
-0.2976041,-0.9012282,1.776461,2012-06-18_011423844
-0.3079534,-0.9037482,1.765967,2012-06-18_011423913
-0.3133714,-0.904998,1.760254,2012-06-18_011423987
-0.3170774,-0.9057838,1.756158,2012-06-18_011424078
-0.3181891,-0.9059924,1.75487,2012-06-18_011424157
-0.3189791,-0.9060933,1.753895,2012-06-18_011424244
-0.3191595,-0.9060333,1.753545,2012-06-18_011424310
-0.3098361,-0.9028671,1.762307,2012-06-18_011424382
-0.2980596,-0.8984452,1.773362,2012-06-18_011424456
-0.2901311,-0.8950714,1.780528,2012-06-18_011424538
-0.2879261,-0.8938777,1.782429,2012-06-18_011424607
-0.2867337,-0.8929378,1.783349,2012-06-18_011424691
-0.2861814,-0.8919563,1.783608,2012-06-18_011424755
-0.286161,-0.8901212,1.783141,2012-06-18_011424836
-0.2864541,-0.8887782,1.782516,2012-06-18_011424910
-0.2869098,-0.8872334,1.781693,2012-06-18_011424989
-0.2875505,-0.8848628,1.780499,2012-06-18_011425084
-0.2879507,-0.8825157,1.779496,2012-06-18_011425169
-0.288089,-0.8811163,1.778964,2012-06-18_011425232
-0.288178,-0.8799442,1.778548,2012-06-18_011425307
-0.2882467,-0.8789757,1.778258,2012-06-18_011425381
-0.2882814,-0.8782234,1.778058,2012-06-18_011425455
-0.2882718,-0.8774267,1.777873,2012-06-18_011425549
-0.2882311,-0.8771409,1.777823,2012-06-18_011425622
-0.2881556,-0.8769729,1.777814,2012-06-18_011425706
-0.2880299,-0.8771206,1.777893,2012-06-18_011425775
-0.2878907,-0.8778162,1.778103,2012-06-18_011425843
-0.2877724,-0.878928,1.778421,2012-06-18_011425912
-0.2875976,-0.8804814,1.778883,2012-06-18_011425992
-0.2872746,-0.8835455,1.779866,2012-06-18_011426090
-0.2868953,-0.886376,1.780928,2012-06-18_011426167
-0.2866792,-0.8880688,1.781613,2012-06-18_011426267
-0.2864923,-0.890264,1.782521,2012-06-18_011426348
-0.2864527,-0.8914573,1.782991,2012-06-18_011426421
-0.286443,-0.8925119,1.783398,2012-06-18_011426489
-0.2865002,-0.8938408,1.783884,2012-06-18_011426575
-0.2865891,-0.8945876,1.784118,2012-06-18_011426646
-0.2946043,-0.8978748,1.776682,2012-06-18_011426721
-0.3000065,-0.9011868,1.771751,2012-06-18_011426807
-0.297154,-0.9014419,1.774587,2012-06-18_011426887
-0.2941258,-0.9013214,1.777492,2012-06-18_011426952
-0.2917755,-0.9011346,1.779752,2012-06-18_011427022
-0.2894022,-0.9009196,1.782025,2012-06-18_011427108
-0.2883848,-0.9008263,1.782978,2012-06-18_011427189
-0.2874058,-0.9007543,1.783877,2012-06-18_011427275
-0.2869763,-0.9007552,1.784272,2012-06-18_011427355
-0.286651,-0.900775,1.784576,2012-06-18_011427423
-0.2864289,-0.9008427,1.784849,2012-06-18_011427508
-0.2863241,-0.9008986,1.784982,2012-06-18_011427581
-0.2862602,-0.9009578,1.785069,2012-06-18_011427655
-0.2861693,-0.901067,1.78518,2012-06-18_011427736
-0.2860986,-0.9011433,1.785257,2012-06-18_011427820
-0.2939783,-0.9029702,1.778636,2012-06-18_011427893
-0.3083539,-0.9062713,1.76653,2012-06-18_011427974
-0.3127975,-0.9073582,1.762779,2012-06-18_011428043
-0.3085754,-0.9071652,1.766242,2012-06-18_011428117