0.002696024,-0.3112835,1.777491,2012-06-18_011422254
-0.004404544,-0.3049316,1.780383,2012-06-18_011422401
-0.004590672,-0.3056781,1.780277,2012-06-18_011422475
-0.004039133,-0.3069517,1.780127,2012-06-18_011422549
-0.003769067,-0.3063062,1.780271,2012-06-18_011422618
-0.004303547,-0.3049815,1.780677,2012-06-18_011422691
-0.001186451,-0.3070223,1.781897,2012-06-18_011422798
-0.009053241,-0.3281144,1.777679,2012-06-18_011422871
-0.01193178,-0.3370809,1.776237,2012-06-18_011422950
-0.01153966,-0.3424758,1.775596,2012-06-18_011423014
0.007747961,-0.3507298,1.775612,2012-06-18_011423081
0.05689271,-0.3519373,1.779894,2012-06-18_011423150
0.1419766,-0.3418542,1.789608,2012-06-18_011423221
0.19213,-0.3130896,1.800293,2012-06-18_011423312
0.2393037,-0.2751686,1.809809,2012-06-18_011423384
0.290472,-0.2271639,1.81597,2012-06-18_011423451
0.3467521,-0.1558016,1.813775,2012-06-18_011423532
0.3609481,-0.09593561,1.813155,2012-06-18_011423607
0.3681744,-0.06271496,1.812996,2012-06-18_011423681
0.3914047,-0.03567957,1.811524,2012-06-18_011423755
0.4316617,0.01920089,1.803818,2012-06-18_011423844
0.4706565,0.07646793,1.802533,2012-06-18_011423913
0.4888777,0.1434105,1.80309,2012-06-18_011423987
0.4827654,0.2284685,1.801265,2012-06-18_011424078
0.4664248,0.2738787,1.799407,2012-06-18_011424157
0.4539891,0.3709567,1.790343,2012-06-18_011424244
0.4595299,0.4416336,1.782383,2012-06-18_011424310
0.4309798,0.4972304,1.777249,2012-06-18_011424382
0.417046,0.5330755,1.774642,2012-06-18_011424456
0.3949673,0.5961745,1.770845,2012-06-18_011424538
0.3737783,0.6342071,1.770327,2012-06-18_011424607
0.3485099,0.6765175,1.768227,2012-06-18_011424691
0.282208,0.686987,1.766545,2012-06-18_011424755
0.2317049,0.6856041,1.765946,2012-06-18_011424836
0.2076995,0.6938776,1.764263,2012-06-18_011424910
0.1801654,0.7117758,1.759195,2012-06-18_011424989
0.1646709,0.7240428,1.755474,2012-06-18_011425084
0.1488751,0.7233872,1.751878,2012-06-18_011425169
0.1396728,0.7264729,1.749015,2012-06-18_011425232
0.133095,0.7297682,1.746982,2012-06-18_011425307
0.1295162,0.7320548,1.745806,2012-06-18_011425381
0.1363357,0.7320825,1.746815,2012-06-18_011425455
0.1925438,0.7041224,1.752865,2012-06-18_011425549
0.2449957,0.6727325,1.752113,2012-06-18_011425622
0.3116218,0.6429023,1.745709,2012-06-18_011425706
0.3784248,0.624702,1.750208,2012-06-18_011425775
0.4166629,0.5882763,1.754602,2012-06-18_011425843
0.4547994,0.5287871,1.762796,2012-06-18_011425911
0.4771582,0.4724455,1.768847,2012-06-18_011425992
0.4656109,0.3448559,1.779127,2012-06-18_011426090
0.4560888,0.211633,1.76412,2012-06-18_011426167
0.4639831,0.1489418,1.760334,2012-06-18_011426267
0.4743134,0.03837963,1.760027,2012-06-18_011426348
0.4335955,-0.04181401,1.759521,2012-06-18_011426421
0.4047126,-0.09638558,1.762527,2012-06-18_011426489
0.3288766,-0.1804386,1.761445,2012-06-18_011426575
0.287952,-0.2255683,1.762545,2012-06-18_011426646
0.2475172,-0.2728842,1.762894,2012-06-18_011426721
0.1731611,-0.3214914,1.756847,2012-06-18_011426807
0.1377539,-0.3358935,1.752226,2012-06-18_011426887
0.1106247,-0.3433445,1.748895,2012-06-18_011426952
0.08666171,-0.3437488,1.746175,2012-06-18_011427022
0.06826513,-0.3452061,1.744013,2012-06-18_011427108
0.06259583,-0.3459854,1.743465,2012-06-18_011427189
0.05821341,-0.3469655,1.743187,2012-06-18_011427274
0.05652208,-0.3476958,1.743128,2012-06-18_011427355
0.05576239,-0.3482848,1.743205,2012-06-18_011427423
0.06686651,-0.3467428,1.745579,2012-06-18_011427508
0.09188006,-0.3395087,1.749194,2012-06-18_011427581
0.1279616,-0.3258173,1.752232,2012-06-18_011427654
0.1786738,-0.2940586,1.751373,2012-06-18_011427736
0.228689,-0.2735768,1.749918,2012-06-18_011427819
0.2801211,-0.241666,1.749628,2012-06-18_011427893
0.3465932,-0.1638919,1.74988,2012-06-18_011427974
0.3919441,-0.1025997,1.75215,2012-06-18_011428043
0.4293037,-0.04249167,1.752887,2012-06-18_011428117