-0.2511874,0.486588,1.778445,2012-06-18_011422254
-0.245101,0.4883366,1.780518,2012-06-18_011422401
-0.2440346,0.4885974,1.780866,2012-06-18_011422475
-0.2432983,0.4887997,1.781091,2012-06-18_011422549
-0.242725,0.4889772,1.781235,2012-06-18_011422618
-0.242283,0.4891401,1.781316,2012-06-18_011422691
-0.2415401,0.4893991,1.781401,2012-06-18_011422798
-0.2411388,0.4895445,1.781434,2012-06-18_011422871
-0.2405382,0.4897415,1.78151,2012-06-18_011422950
-0.2396169,0.4900516,1.781687,2012-06-18_011423014
-0.2382906,0.4905126,1.782021,2012-06-18_011423081
-0.2362721,0.4913663,1.782775,2012-06-18_011423150
-0.2332158,0.4928088,1.784303,2012-06-18_011423221
-0.231561,0.4936514,1.785449,2012-06-18_011423311
-0.2303203,0.494355,1.786584,2012-06-18_011423384
-0.2294439,0.4949637,1.787751,2012-06-18_011423451
-0.2284788,0.4957816,1.789722,2012-06-18_011423532
-0.2281399,0.4961365,1.790701,2012-06-18_011423607
-0.2280384,0.4963809,1.791467,2012-06-18_011423681
-0.2281577,0.4965468,1.792081,2012-06-18_011423755
-0.228681,0.4966202,1.79284,2012-06-18_011423844
-0.229523,0.496522,1.793322,2012-06-18_011423913
-0.2307513,0.4963281,1.793725,2012-06-18_011423987
-0.2328104,0.4960099,1.794124,2012-06-18_011424078
-0.2341585,0.4958118,1.794216,2012-06-18_011424157
-0.2358427,0.4955757,1.794214,2012-06-18_011424244
-0.2366388,0.4954492,1.794183,2012-06-18_011424310
-0.2371912,0.4953499,1.794143,2012-06-18_011424382
-0.2375406,0.4952679,1.794098,2012-06-18_011424456
-0.237829,0.4951622,1.794027,2012-06-18_011424538
-0.2379318,0.495092,1.793972,2012-06-18_011424607
-0.2379791,0.4950103,1.793902,2012-06-18_011424691
-0.2379462,0.4948974,1.793802,2012-06-18_011424754
-0.2377043,0.4946886,1.793612,2012-06-18_011424836
-0.2374335,0.4945379,1.793466,2012-06-18_011424910
-0.2370084,0.4943408,1.793298,2012-06-18_011424989
-0.2360372,0.493995,1.793059,2012-06-18_011425084
-0.2349379,0.4936642,1.792785,2012-06-18_011425169
-0.234189,0.4934504,1.792623,2012-06-18_011425232
-0.2333315,0.4932048,1.792491,2012-06-18_011425307
-0.2324794,0.4929557,1.792367,2012-06-18_011425381
-0.231774,0.4927474,1.792269,2012-06-18_011425455
-0.2309702,0.4925144,1.792138,2012-06-18_011425549
-0.2305976,0.4924071,1.792072,2012-06-18_011425622
-0.2302087,0.492291,1.792012,2012-06-18_011425706
-0.2300284,0.4922344,1.791997,2012-06-18_011425775
-0.2299031,0.4921977,1.792003,2012-06-18_011425843
-0.2298152,0.4921788,1.792022,2012-06-18_011425911
-0.2297535,0.4921703,1.792045,2012-06-18_011425992
-0.2297105,0.492169,1.792097,2012-06-18_011426089
-0.2297086,0.4921902,1.792208,2012-06-18_011426167
-0.2297581,0.4922216,1.792328,2012-06-18_011426267
-0.2299192,0.4923361,1.792624,2012-06-18_011426348
-0.2300583,0.49244,1.792881,2012-06-18_011426421
-0.2301984,0.4925759,1.793201,2012-06-18_011426489
-0.230388,0.4928778,1.793893,2012-06-18_011426575
-0.2304506,0.4931872,1.79452,2012-06-18_011426646
-0.2304352,0.493549,1.795171,2012-06-18_011426721
-0.2302634,0.4941665,1.796083,2012-06-18_011426807
-0.2300697,0.494562,1.796543,2012-06-18_011426887
-0.2298389,0.4949121,1.796884,2012-06-18_011426952
-0.2295276,0.4952365,1.797143,2012-06-18_011427022
-0.2289504,0.4956825,1.79741,2012-06-18_011427108
-0.2284932,0.49594,1.797533,2012-06-18_011427189
-0.2277369,0.4963392,1.79765,2012-06-18_011427274
-0.2272703,0.4965767,1.797682,2012-06-18_011427355
-0.2268356,0.4967777,1.797696,2012-06-18_011427423
-0.2263075,0.4969952,1.797683,2012-06-18_011427508
-0.2260359,0.4971028,1.797669,2012-06-18_011427581
-0.2258323,0.4971816,1.79766,2012-06-18_011427654
-0.2256262,0.4972461,1.79766,2012-06-18_011427736
-0.225505,0.4972665,1.797699,2012-06-18_011427819
-0.2254098,0.4972673,1.797763,2012-06-18_011427893
-0.2253198,0.4972182,1.798022,2012-06-18_011427974
-0.2253117,0.4971576,1.798323,2012-06-18_011428043
-0.2253951,0.4970464,1.798764,2012-06-18_011428117