-0.2115322,-0.0877121,1.779506,2012-06-18_011422254
-0.2093236,-0.08722706,1.779232,2012-06-18_011422401
-0.2087,-0.08712618,1.779108,2012-06-18_011422475
-0.2081955,-0.08703455,1.778991,2012-06-18_011422549
-0.2077852,-0.08696014,1.778886,2012-06-18_011422618
-0.2074398,-0.08688002,1.778784,2012-06-18_011422691
-0.2069014,-0.0866714,1.778596,2012-06-18_011422798
-0.2067105,-0.08658109,1.778513,2012-06-18_011422871
-0.206528,-0.08650836,1.778429,2012-06-18_011422951
-0.2063552,-0.08647334,1.778346,2012-06-18_011423014
-0.2062334,-0.086469,1.778274,2012-06-18_011423081
-0.2062007,-0.0864858,1.778203,2012-06-18_011423150
-0.2065808,-0.08655623,1.777908,2012-06-18_011423221
-0.2073197,-0.08667151,1.777502,2012-06-18_011423312
-0.2081274,-0.08677551,1.777089,2012-06-18_011423384
-0.2089045,-0.08686762,1.776718,2012-06-18_011423452
-0.209993,-0.08704188,1.776236,2012-06-18_011423532
-0.2106455,-0.08719413,1.775957,2012-06-18_011423607
-0.2112616,-0.08736618,1.775691,2012-06-18_011423682
-0.2118341,-0.08754767,1.775437,2012-06-18_011423755
-0.2126524,-0.08780857,1.77503,2012-06-18_011423844
-0.2131481,-0.08788448,1.774741,2012-06-18_011423913
-0.2136703,-0.08783637,1.774401,2012-06-18_011423987
-0.2144728,-0.08755922,1.773816,2012-06-18_011424078
-0.2149432,-0.0872811,1.773428,2012-06-18_011424157
-0.2154914,-0.08671241,1.772869,2012-06-18_011424244
-0.2157961,-0.08606122,1.772492,2012-06-18_011424310
-0.2160016,-0.08501717,1.772112,2012-06-18_011424382
-0.2160304,-0.08337457,1.77173,2012-06-18_011424456
-0.2157684,-0.08023478,1.771276,2012-06-18_011424538
-0.2154137,-0.07813275,1.771054,2012-06-18_011424607
-0.2148559,-0.07598865,1.770897,2012-06-18_011424691
-0.2142354,-0.07399748,1.770795,2012-06-18_011424755
-0.2132046,-0.07121342,1.77074,2012-06-18_011424836
-0.2125742,-0.06954969,1.770725,2012-06-18_011424910
-0.2119541,-0.06772822,1.770734,2012-06-18_011424989
-0.2109917,-0.06519465,1.770731,2012-06-18_011425084
-0.2101139,-0.06283285,1.770657,2012-06-18_011425169
-0.2096527,-0.06156172,1.77058,2012-06-18_011425232
-0.2093028,-0.06062028,1.770507,2012-06-18_011425307
-0.2090462,-0.059922,1.770442,2012-06-18_011425381
-0.2088728,-0.05942007,1.770398,2012-06-18_011425455
-0.2087464,-0.05895597,1.770382,2012-06-18_011425549
-0.2087287,-0.05882841,1.770398,2012-06-18_011425622
-0.208889,-0.05898168,1.770566,2012-06-18_011425706
-0.2093254,-0.0597058,1.770893,2012-06-18_011425775
-0.2100638,-0.06125445,1.771437,2012-06-18_011425843
-0.2110065,-0.06327246,1.772044,2012-06-18_011425911
-0.2121236,-0.06586689,1.772618,2012-06-18_011425992
-0.213725,-0.0701955,1.773273,2012-06-18_011426090
-0.2148689,-0.07363091,1.773608,2012-06-18_011426167
-0.2154014,-0.07558593,1.773709,2012-06-18_011426267
-0.2159466,-0.07797889,1.773762,2012-06-18_011426348
-0.2161539,-0.07926378,1.773767,2012-06-18_011426421
-0.2162225,-0.08047254,1.773762,2012-06-18_011426489
-0.2161064,-0.08210596,1.773739,2012-06-18_011426575
-0.2159271,-0.08304786,1.773728,2012-06-18_011426646
-0.215731,-0.08379117,1.773728,2012-06-18_011426721
-0.2154295,-0.08459567,1.77374,2012-06-18_011426807
-0.2152269,-0.0850032,1.77375,2012-06-18_011426887
-0.2150253,-0.08534016,1.773768,2012-06-18_011426952
-0.2147435,-0.08567133,1.773814,2012-06-18_011427022
-0.2142177,-0.08616193,1.773926,2012-06-18_011427108
-0.2138263,-0.08646408,1.774016,2012-06-18_011427189
-0.2132516,-0.08685703,1.774164,2012-06-18_011427275
-0.2128624,-0.08711058,1.774278,2012-06-18_011427355
-0.2124991,-0.08733425,1.774394,2012-06-18_011427423
-0.2120707,-0.08770336,1.774552,2012-06-18_011427508
-0.211883,-0.08790962,1.774637,2012-06-18_011427581
-0.2117568,-0.08809926,1.774704,2012-06-18_011427655
-0.2116261,-0.08835392,1.774794,2012-06-18_011427736
-0.2115732,-0.08848991,1.774845,2012-06-18_011427820
-0.2115425,-0.08860455,1.774897,2012-06-18_011427893
-0.2115399,-0.08874353,1.774977,2012-06-18_011427974
-0.2115668,-0.08883196,1.775036,2012-06-18_011428043
-0.2116297,-0.08892833,1.775104,2012-06-18_011428117
-0.2118193,-0.0890