-0.1384369,-0.155641,1.776923,2012-06-18_011422254
-0.1369261,-0.1550005,1.776798,2012-06-18_011422401
-0.1364599,-0.1548232,1.776765,2012-06-18_011422475
-0.1360692,-0.154663,1.776733,2012-06-18_011422549
-0.1357435,-0.1545288,1.776709,2012-06-18_011422618
-0.1354776,-0.1544038,1.776692,2012-06-18_011422691
-0.1350454,-0.1541445,1.77668,2012-06-18_011422798
-0.1348827,-0.1540366,1.776683,2012-06-18_011422871
-0.1347094,-0.1539419,1.776695,2012-06-18_011422951
-0.1345505,-0.1538752,1.776721,2012-06-18_011423014
-0.1344583,-0.1538407,1.776742,2012-06-18_011423081
-0.1344367,-0.1538282,1.77675,2012-06-18_011423150
-0.1349205,-0.1537615,1.776627,2012-06-18_011423221
-0.1357738,-0.1536559,1.776348,2012-06-18_011423312
-0.1366862,-0.1534806,1.776055,2012-06-18_011423384
-0.1375,-0.1532709,1.775805,2012-06-18_011423452
-0.1384576,-0.1530004,1.775502,2012-06-18_011423532
-0.1389546,-0.152851,1.775329,2012-06-18_011423607
-0.1393846,-0.1527107,1.77515,2012-06-18_011423682
-0.1397982,-0.1525501,1.774944,2012-06-18_011423755
-0.1404273,-0.1522103,1.774512,2012-06-18_011423844
-0.1408824,-0.1517383,1.77404,2012-06-18_011423913
-0.1413819,-0.1509942,1.773362,2012-06-18_011423987
-0.1420833,-0.1496403,1.772115,2012-06-18_011424078
-0.1424311,-0.1486942,1.771276,2012-06-18_011424157
-0.1426823,-0.1471149,1.770056,2012-06-18_011424244
-0.1426923,-0.1458885,1.769331,2012-06-18_011424310
-0.1425275,-0.1443126,1.768661,2012-06-18_011424382
-0.1421236,-0.1423341,1.768066,2012-06-18_011424456
-0.1411891,-0.1389411,1.767438,2012-06-18_011424538
-0.1404801,-0.1367988,1.767171,2012-06-18_011424607
-0.1396716,-0.1347122,1.767038,2012-06-18_011424691
-0.1388811,-0.1328728,1.766994,2012-06-18_011424755
-0.1376336,-0.1301533,1.767172,2012-06-18_011424836
-0.1368689,-0.1284622,1.76739,2012-06-18_011424910
-0.1360708,-0.126598,1.767719,2012-06-18_011424989
-0.1348869,-0.1240089,1.768265,2012-06-18_011425084
-0.1338486,-0.1217512,1.768748,2012-06-18_011425169
-0.1333518,-0.1206009,1.768971,2012-06-18_011425232
-0.1330136,-0.1197638,1.769128,2012-06-18_011425307
-0.1327847,-0.1191561,1.769242,2012-06-18_011425381
-0.1326355,-0.1187197,1.76933,2012-06-18_011425455
-0.132541,-0.1183173,1.769447,2012-06-18_011425549
-0.1325652,-0.1182179,1.769543,2012-06-18_011425622
-0.1328944,-0.1184969,1.769841,2012-06-18_011425706
-0.1335278,-0.1193479,1.770162,2012-06-18_011425775
-0.1344597,-0.120923,1.770526,2012-06-18_011425843
-0.1356498,-0.1229995,1.770869,2012-06-18_011425911
-0.1370166,-0.1255892,1.771079,2012-06-18_011425992
-0.139035,-0.1298111,1.771145,2012-06-18_011426090
-0.1404941,-0.1331449,1.771035,2012-06-18_011426167
-0.1411854,-0.1350015,1.770968,2012-06-18_011426267
-0.1419298,-0.1373495,1.770923,2012-06-18_011426348
-0.1422587,-0.1386771,1.770963,2012-06-18_011426421
-0.1424589,-0.1399668,1.771089,2012-06-18_011426489
-0.1425006,-0.1419129,1.771399,2012-06-18_011426575
-0.142392,-0.143222,1.771685,2012-06-18_011426646
-0.1422495,-0.1443185,1.77199,2012-06-18_011426721
-0.1420316,-0.1455773,1.772447,2012-06-18_011426807
-0.1419095,-0.1463523,1.772824,2012-06-18_011426887
-0.1417488,-0.1471762,1.773293,2012-06-18_011426952
-0.1413918,-0.1481535,1.773968,2012-06-18_011427022
-0.1406664,-0.1496175,1.775094,2012-06-18_011427108
-0.1401582,-0.1504372,1.775783,2012-06-18_011427189
-0.1394779,-0.1513815,1.776659,2012-06-18_011427275
-0.1390592,-0.1519098,1.77717,2012-06-18_011427355
-0.1386788,-0.1523471,1.777619,2012-06-18_011427423
-0.1382685,-0.1529865,1.77818,2012-06-18_011427508
-0.1381377,-0.1533087,1.778448,2012-06-18_011427581
-0.1380988,-0.1535557,1.778631,2012-06-18_011427655
-0.1381125,-0.1538177,1.778813,2012-06-18_011427736
-0.1381457,-0.1539224,1.778887,2012-06-18_011427820
-0.1381857,-0.1539802,1.778935,2012-06-18_011427893
-0.1382694,-0.1540076,1.778976,2012-06-18_011427974
-0.1383651,-0.1539874,1.778972,2012-06-18_011428043
-0.138537,-0.1539169,1.778922,2012-06-18_011428117