-0.3170152,-0.5887935,1.822856,2012-06-18_011422254
-0.3164915,-0.5892473,1.822342,2012-06-18_011422401
-0.3163538,-0.5893639,1.822171,2012-06-18_011422475
-0.3162576,-0.589424,1.822011,2012-06-18_011422549
-0.3161809,-0.5894645,1.821871,2012-06-18_011422618
-0.3161225,-0.5894936,1.821748,2012-06-18_011422691
-0.3160489,-0.5895487,1.821542,2012-06-18_011422798
-0.3160097,-0.5895885,1.821451,2012-06-18_011422871
-0.3159681,-0.5896256,1.821358,2012-06-18_011422951
-0.3159347,-0.5897022,1.821246,2012-06-18_011423014
-0.3158814,-0.5898637,1.821137,2012-06-18_011423081
-0.315818,-0.5900849,1.821038,2012-06-18_011423150
-0.3157084,-0.5905045,1.820907,2012-06-18_011423221
-0.3156445,-0.5907642,1.820834,2012-06-18_011423312
-0.3155918,-0.5910192,1.820762,2012-06-18_011423384
-0.3155452,-0.5912715,1.820689,2012-06-18_011423452
-0.315473,-0.5916322,1.820558,2012-06-18_011423532
-0.3154073,-0.5918807,1.820438,2012-06-18_011423607
-0.3152906,-0.5921833,1.820282,2012-06-18_011423682
-0.3151342,-0.5925143,1.820086,2012-06-18_011423755
-0.3148405,-0.5930068,1.819729,2012-06-18_011423844
-0.3146259,-0.5933032,1.819446,2012-06-18_011423913
-0.3144017,-0.5935724,1.819151,2012-06-18_011423987
-0.3140836,-0.5938681,1.818709,2012-06-18_011424078
-0.3138867,-0.5940015,1.81843,2012-06-18_011424157
-0.3136092,-0.5941383,1.818062,2012-06-18_011424244
-0.3134108,-0.5941859,1.817842,2012-06-18_011424310
-0.3132288,-0.5941691,1.817615,2012-06-18_011424382
-0.3130647,-0.594098,1.817382,2012-06-18_011424456
-0.3128353,-0.5939703,1.817069,2012-06-18_011424538
-0.3126398,-0.5938368,1.816858,2012-06-18_011424607
-0.3124062,-0.5936599,1.816635,2012-06-18_011424691
-0.3120787,-0.5932586,1.81634,2012-06-18_011424755
-0.3113594,-0.5918887,1.815697,2012-06-18_011424836
-0.3108034,-0.5906896,1.815244,2012-06-18_011424910
-0.3101985,-0.5891568,1.814754,2012-06-18_011424989
-0.3093867,-0.5867407,1.814064,2012-06-18_011425084
-0.3087822,-0.5844018,1.813404,2012-06-18_011425169
-0.3085228,-0.5830999,1.813047,2012-06-18_011425232
-0.308356,-0.5820959,1.812783,2012-06-18_011425307
-0.3082572,-0.5813444,1.8126,2012-06-18_011425381
-0.308181,-0.5808214,1.812504,2012-06-18_011425455
-0.3081086,-0.5803505,1.812457,2012-06-18_011425549
-0.3080916,-0.5802222,1.812458,2012-06-18_011425622
-0.3081494,-0.580351,1.81259,2012-06-18_011425706
-0.3083522,-0.5811211,1.812927,2012-06-18_011425775
-0.3087445,-0.582961,1.81361,2012-06-18_011425843
-0.3092572,-0.585157,1.81441,2012-06-18_011425911
-0.309747,-0.5872132,1.815147,2012-06-18_011425992
-0.3102734,-0.5894186,1.815963,2012-06-18_011426090
-0.3106157,-0.5908042,1.816447,2012-06-18_011426167
-0.3107615,-0.591436,1.816659,2012-06-18_011426267
-0.3109021,-0.5920534,1.816859,2012-06-18_011426348
-0.3109627,-0.592312,1.816936,2012-06-18_011426421
-0.3110083,-0.5925503,1.817003,2012-06-18_011426489
-0.3110616,-0.5928627,1.817088,2012-06-18_011426575
-0.3110988,-0.5930347,1.817132,2012-06-18_011426646
-0.3111413,-0.593181,1.817168,2012-06-18_011426721
-0.3112031,-0.5933608,1.817216,2012-06-18_011426807
-0.3112416,-0.5934554,1.817245,2012-06-18_011426887
-0.3112766,-0.5935345,1.817274,2012-06-18_011426952
-0.311308,-0.5936031,1.817301,2012-06-18_011427022
-0.3113522,-0.5936872,1.81734,2012-06-18_011427108
-0.3113838,-0.5937274,1.817361,2012-06-18_011427189
-0.311441,-0.5937834,1.817396,2012-06-18_011427275
-0.3114842,-0.5938178,1.817421,2012-06-18_011427355
-0.3115338,-0.5938532,1.817448,2012-06-18_011427423
-0.3116087,-0.593906,1.817491,2012-06-18_011427508
-0.3116534,-0.5939392,1.817519,2012-06-18_011427581
-0.3116962,-0.5939727,1.81755,2012-06-18_011427655
-0.3117537,-0.5940188,1.817594,2012-06-18_011427736
-0.3117858,-0.5940449,1.817621,2012-06-18_011427820
-0.3118134,-0.5940773,1.817652,2012-06-18_011427893
-0.3118544,-0.5941318,1.817709,2012-06-18_011427974
-0.3118816,-0.5941677,1.817749,2012-06-18_011428043
-0.3119125,-0.5941998,1.817789,2012-06-18_011428117