-0.07510988,0.2022211,1.800087,2012-06-18_011422254
-0.0732276,0.2026067,1.801458,2012-06-18_011422401
-0.07284622,0.2026762,1.801763,2012-06-18_011422475
-0.07255629,0.2027363,1.802006,2012-06-18_011422549
-0.07233147,0.2027805,1.802198,2012-06-18_011422618
-0.07215726,0.2028146,1.80235,2012-06-18_011422691
-0.07189047,0.2028683,1.802607,2012-06-18_011422798
-0.07177197,0.2028924,1.802754,2012-06-18_011422871
-0.07160976,0.2029375,1.803039,2012-06-18_011422950
-0.07140958,0.2029915,1.803507,2012-06-18_011423014
-0.07120933,0.2030715,1.804245,2012-06-18_011423081
-0.07109934,0.203143,1.805272,2012-06-18_011423150
-0.07153245,0.2038716,1.808606,2012-06-18_011423221
-0.07233486,0.2046007,1.811392,2012-06-18_011423312
-0.0737716,0.2059496,1.814913,2012-06-18_011423384
-0.07549986,0.2081919,1.819291,2012-06-18_011423452
-0.07734525,0.2108951,1.824138,2012-06-18_011423532
-0.07830893,0.2120339,1.825818,2012-06-18_011423607
-0.07936109,0.213063,1.826852,2012-06-18_011423681
-0.08063518,0.2141328,1.827395,2012-06-18_011423755
-0.08283035,0.215907,1.827577,2012-06-18_011423844
-0.08442046,0.2177351,1.827605,2012-06-18_011423913
-0.08588142,0.2199184,1.827549,2012-06-18_011423987
-0.08749733,0.2231112,1.827226,2012-06-18_011424078
-0.08836289,0.2257435,1.826902,2012-06-18_011424157
-0.08949098,0.2301633,1.826428,2012-06-18_011424244
-0.08988521,0.2353191,1.826933,2012-06-18_011424310
-0.08981987,0.2420554,1.828453,2012-06-18_011424382
-0.08937676,0.2484378,1.830351,2012-06-18_011424456
-0.08812042,0.256022,1.833055,2012-06-18_011424538
-0.0875629,0.2591442,1.834342,2012-06-18_011424607
-0.08715033,0.261607,1.835448,2012-06-18_011424691
-0.0868329,0.263593,1.836374,2012-06-18_011424755
-0.08653598,0.2667306,1.837839,2012-06-18_011424836
-0.08649905,0.2689458,1.83885,2012-06-18_011424910
-0.08651623,0.2718469,1.839853,2012-06-18_011424989
-0.08661947,0.2755632,1.840996,2012-06-18_011425084
-0.08675734,0.2781602,1.841654,2012-06-18_011425169
-0.08683447,0.2793472,1.84191,2012-06-18_011425232
-0.08689103,0.2801988,1.842064,2012-06-18_011425307
-0.08693335,0.2807957,1.842159,2012-06-18_011425381
-0.08696556,0.2812106,1.842216,2012-06-18_011425455
-0.0869825,0.2816199,1.842278,2012-06-18_011425549
-0.08696954,0.2816371,1.842356,2012-06-18_011425622
-0.0866365,0.2801766,1.84286,2012-06-18_011425706
-0.08616457,0.2775933,1.843377,2012-06-18_011425775
-0.08559311,0.274085,1.843678,2012-06-18_011425843
-0.08521129,0.2690355,1.843092,2012-06-18_011425911
-0.08537661,0.2613388,1.840713,2012-06-18_011425992
-0.08611881,0.251487,1.836835,2012-06-18_011426090
-0.08668878,0.2450735,1.834368,2012-06-18_011426167
-0.08698168,0.2421025,1.833346,2012-06-18_011426267
-0.08734014,0.2381586,1.832349,2012-06-18_011426348
-0.08758088,0.2354789,1.831976,2012-06-18_011426421
-0.08776676,0.2327648,1.831763,2012-06-18_011426489
-0.08764826,0.2287403,1.831733,2012-06-18_011426575
-0.0870645,0.2252444,1.831704,2012-06-18_011426646
-0.08619692,0.2225842,1.832116,2012-06-18_011426721
-0.08480103,0.220353,1.833235,2012-06-18_011426807
-0.08394868,0.2194947,1.833971,2012-06-18_011426887
-0.08308882,0.2188862,1.834702,2012-06-18_011426952
-0.0821738,0.2183593,1.8354,2012-06-18_011427022
-0.08077987,0.2174634,1.836238,2012-06-18_011427108
-0.0798679,0.2168416,1.836684,2012-06-18_011427189
-0.07863177,0.2159604,1.837201,2012-06-18_011427275
-0.07789023,0.2153854,1.837492,2012-06-18_011427355
-0.07723415,0.2148471,1.837751,2012-06-18_011427423
-0.07651965,0.2135965,1.837768,2012-06-18_011427508
-0.07627058,0.2130246,1.837752,2012-06-18_011427581
-0.07618801,0.2127093,1.837721,2012-06-18_011427654
-0.07618684,0.21253,1.837715,2012-06-18_011427736
-0.07629468,0.2125115,1.837695,2012-06-18_011427819
-0.07651453,0.2126094,1.837649,2012-06-18_011427893
-0.07705698,0.2130598,1.837524,2012-06-18_011427974
-0.07767457,0.2136893,1.837304,2012-06-18_011428043
-0.07864513,0.2146409,1.836797,2012-06-18_011428117