-0.3890376,0.199061,1.791777,2012-06-18_011422254
-0.3855489,0.1990794,1.790028,2012-06-18_011422401
-0.384943,0.1990097,1.789622,2012-06-18_011422475
-0.3845156,0.1989494,1.78928,2012-06-18_011422549
-0.3841653,0.1988755,1.788935,2012-06-18_011422618
-0.3838367,0.198929,1.788524,2012-06-18_011422691
-0.3834436,0.1992756,1.787633,2012-06-18_011422798
-0.3833178,0.1994396,1.78701,2012-06-18_011422871
-0.3831712,0.1995026,1.786183,2012-06-18_011422951
-0.3828668,0.1993948,1.785018,2012-06-18_011423014
-0.3824722,0.1992865,1.783788,2012-06-18_011423081
-0.3820675,0.199236,1.782632,2012-06-18_011423150
-0.3815778,0.1994021,1.780931,2012-06-18_011423221
-0.3814033,0.1995149,1.779782,2012-06-18_011423312
-0.3813944,0.1995037,1.77854,2012-06-18_011423384
-0.381619,0.1992332,1.776971,2012-06-18_011423452
-0.3823224,0.1981894,1.774026,2012-06-18_011423532
-0.3829854,0.1970977,1.771818,2012-06-18_011423607
-0.3837553,0.1958393,1.769685,2012-06-18_011423682
-0.3843727,0.1947921,1.767992,2012-06-18_011423755
-0.3851513,0.1933089,1.765903,2012-06-18_011423844
-0.3855639,0.1925675,1.764936,2012-06-18_011423913
-0.3859801,0.191966,1.764219,2012-06-18_011423987
-0.386564,0.1912846,1.763488,2012-06-18_011424078
-0.3869426,0.1909151,1.763145,2012-06-18_011424157
-0.3874685,0.1904486,1.762768,2012-06-18_011424244
-0.387777,0.1901965,1.762585,2012-06-18_011424310
-0.3880233,0.1900005,1.762446,2012-06-18_011424382
-0.3882139,0.1898497,1.762341,2012-06-18_011424456
-0.388405,0.189699,1.762231,2012-06-18_011424538
-0.3884554,0.1896749,1.762181,2012-06-18_011424607
-0.3884452,0.1897291,1.762119,2012-06-18_011424691
-0.3883265,0.18994,1.762035,2012-06-18_011424755
-0.3877093,0.1909586,1.761877,2012-06-18_011424836
-0.3871901,0.1916294,1.76175,2012-06-18_011424910
-0.3865108,0.1923511,1.76158,2012-06-18_011424989
-0.3852148,0.1931404,1.761193,2012-06-18_011425084
-0.3841613,0.1935806,1.760884,2012-06-18_011425169
-0.3834119,0.1936978,1.760685,2012-06-18_011425232
-0.3824605,0.1936873,1.760453,2012-06-18_011425307
-0.3816266,0.1936325,1.760285,2012-06-18_011425381
-0.3810575,0.1935896,1.760206,2012-06-18_011425455
-0.3805347,0.1936153,1.760182,2012-06-18_011425549
-0.3803429,0.1936956,1.760219,2012-06-18_011425622
-0.3801509,0.1939775,1.760373,2012-06-18_011425706
-0.3801065,0.1941871,1.760529,2012-06-18_011425775
-0.3801249,0.194358,1.760707,2012-06-18_011425843
-0.3802325,0.1944859,1.760937,2012-06-18_011425911
-0.3804641,0.1945545,1.761232,2012-06-18_011425992
-0.3809992,0.1945103,1.761742,2012-06-18_011426090
-0.3815801,0.1943505,1.762228,2012-06-18_011426167
-0.3819186,0.1942095,1.762494,2012-06-18_011426267
-0.3823822,0.1939725,1.762839,2012-06-18_011426348
-0.3826423,0.1938184,1.763026,2012-06-18_011426421
-0.3828492,0.1936868,1.763176,2012-06-18_011426489
-0.3830706,0.1935314,1.763346,2012-06-18_011426575
-0.3831724,0.1934518,1.763436,2012-06-18_011426646
-0.3832314,0.1933999,1.763505,2012-06-18_011426721
-0.3831565,0.1934085,1.763581,2012-06-18_011426807
-0.3827746,0.193546,1.763584,2012-06-18_011426887
-0.382391,0.1936869,1.763584,2012-06-18_011426952
-0.3820463,0.1938148,1.763591,2012-06-18_011427022
-0.3816157,0.1939865,1.763615,2012-06-18_011427108
-0.3813053,0.1941281,1.76363,2012-06-18_011427189
-0.3808064,0.1943788,1.763651,2012-06-18_011427275
-0.3805444,0.1945113,1.76367,2012-06-18_011427355
-0.3803353,0.1946146,1.763689,2012-06-18_011427423
-0.3801084,0.1947227,1.763712,2012-06-18_011427508
-0.3799539,0.1948071,1.763723,2012-06-18_011427581
-0.37975,0.194911,1.763714,2012-06-18_011427654
-0.3795294,0.1949878,1.763694,2012-06-18_011427736
-0.3794377,0.1950078,1.763685,2012-06-18_011427819
-0.3793754,0.1950106,1.76368,2012-06-18_011427893
-0.3793313,0.1949918,1.763678,2012-06-18_011427974
-0.3793302,0.1949528,1.763685,2012-06-18_011428043
-0.3793537,0.1948966,1.763697,2012-06-18_011428117