-0.2222972,0.3165934,1.802716,2012-06-18_011422254
-0.2199085,0.3172627,1.803841,2012-06-18_011422401
-0.2194542,0.317386,1.804032,2012-06-18_011422475
-0.2191153,0.3174881,1.804156,2012-06-18_011422549
-0.2187762,0.3175991,1.804239,2012-06-18_011422618
-0.2183794,0.3177482,1.804294,2012-06-18_011422691
-0.2179632,0.3179367,1.80435,2012-06-18_011422798
-0.2178886,0.3179874,1.80436,2012-06-18_011422871
-0.2178523,0.3180194,1.804366,2012-06-18_011422951
-0.2178346,0.3180664,1.804396,2012-06-18_011423014
-0.2179058,0.3181982,1.804631,2012-06-18_011423081
-0.2193844,0.3191131,1.806516,2012-06-18_011423150
-0.2235538,0.321221,1.811163,2012-06-18_011423221
-0.2263139,0.322311,1.813815,2012-06-18_011423312
-0.2288404,0.3231876,1.815967,2012-06-18_011423384
-0.2318293,0.3240758,1.817715,2012-06-18_011423452
-0.2363538,0.3250216,1.81949,2012-06-18_011423532
-0.2393104,0.325328,1.820212,2012-06-18_011423607
-0.2423445,0.3254334,1.820626,2012-06-18_011423682
-0.2447846,0.3254484,1.820854,2012-06-18_011423755
-0.2484423,0.3252731,1.820962,2012-06-18_011423844
-0.2502477,0.325181,1.82102,2012-06-18_011423913
-0.2516997,0.3251106,1.821079,2012-06-18_011423987
-0.2533504,0.3250235,1.82118,2012-06-18_011424078
-0.254083,0.3249741,1.821249,2012-06-18_011424157
-0.2549125,0.3249355,1.821385,2012-06-18_011424244
-0.2553456,0.3249353,1.821506,2012-06-18_011424310
-0.2557239,0.3249639,1.821671,2012-06-18_011424382
-0.2560305,0.325,1.821841,2012-06-18_011424456
-0.2563901,0.3250568,1.82209,2012-06-18_011424538
-0.2565703,0.3250897,1.82224,2012-06-18_011424607
-0.2566627,0.3251169,1.82236,2012-06-18_011424691
-0.2567293,0.3251444,1.822476,2012-06-18_011424755
-0.2567994,0.3251796,1.822636,2012-06-18_011424836
-0.2568315,0.3251989,1.822725,2012-06-18_011424910
-0.2568559,0.3252136,1.822802,2012-06-18_011424989
-0.2568121,0.3252401,1.822912,2012-06-18_011425084
-0.2565479,0.3252987,1.823033,2012-06-18_011425169
-0.255868,0.3254839,1.823175,2012-06-18_011425232
-0.2544153,0.3258814,1.823344,2012-06-18_011425307
-0.2528397,0.3262939,1.823497,2012-06-18_011425381
-0.2518198,0.3265353,1.823605,2012-06-18_011425455
-0.2512159,0.326648,1.823699,2012-06-18_011425549
-0.2510614,0.3266642,1.823749,2012-06-18_011425622
-0.2510754,0.3266169,1.823842,2012-06-18_011425706
-0.251227,0.3265551,1.823927,2012-06-18_011425775
-0.2514527,0.3264801,1.824035,2012-06-18_011425843
-0.2517173,0.3264032,1.824162,2012-06-18_011425911
-0.2520492,0.3263248,1.824333,2012-06-18_011425992
-0.2524421,0.3261794,1.824566,2012-06-18_011426090
-0.2528112,0.3260261,1.824793,2012-06-18_011426167
-0.253047,0.3259209,1.824935,2012-06-18_011426267
-0.2533462,0.3257791,1.82512,2012-06-18_011426348
-0.2535091,0.325696,1.825222,2012-06-18_011426421
-0.2535996,0.3256409,1.825318,2012-06-18_011426489
-0.2535985,0.3255864,1.825464,2012-06-18_011426575
-0.2528428,0.3254636,1.825678,2012-06-18_011426646
-0.251375,0.3253562,1.826031,2012-06-18_011426721
-0.2474344,0.3251889,1.826516,2012-06-18_011426807
-0.2441948,0.3250426,1.826622,2012-06-18_011426887
-0.2418873,0.3249665,1.826618,2012-06-18_011426952
-0.240406,0.3249297,1.82659,2012-06-18_011427022
-0.2391289,0.3249091,1.826542,2012-06-18_011427108
-0.2386307,0.3249058,1.826508,2012-06-18_011427189
-0.23812,0.3249136,1.826448,2012-06-18_011427275
-0.2378251,0.324926,1.826404,2012-06-18_011427355
-0.2375959,0.3249394,1.826364,2012-06-18_011427423
-0.2374462,0.3249357,1.826322,2012-06-18_011427508
-0.2374009,0.3249359,1.826306,2012-06-18_011427581
-0.2373779,0.3249349,1.826296,2012-06-18_011427655
-0.2372779,0.3248908,1.826321,2012-06-18_011427736
-0.237251,0.3248794,1.826384,2012-06-18_011427819
-0.2373048,0.3249036,1.826551,2012-06-18_011427893
-0.2377231,0.3250039,1.827025,2012-06-18_011427974
-0.2384878,0.3251251,1.827554,2012-06-18_011428043
-0.2394375,0.3252806,1.828121,2012-06-18_011428117