-0.4197445,-0.2581579,1.752797,2012-06-18_011422254
-0.4186853,-0.2572025,1.748344,2012-06-18_011422401
-0.4184628,-0.2568615,1.747299,2012-06-18_011422475
-0.4182972,-0.2565812,1.746464,2012-06-18_011422549
-0.4181623,-0.2563899,1.745769,2012-06-18_011422618
-0.4180508,-0.2562193,1.745045,2012-06-18_011422691
-0.417781,-0.2559168,1.742971,2012-06-18_011422798
-0.4177367,-0.2559147,1.741666,2012-06-18_011422871
-0.4176752,-0.2561272,1.739641,2012-06-18_011422950
-0.4174973,-0.2566913,1.736178,2012-06-18_011423014
-0.4174839,-0.2575941,1.730795,2012-06-18_011423081
-0.4179313,-0.258142,1.721349,2012-06-18_011423150
-0.4198445,-0.2565218,1.703305,2012-06-18_011423221
-0.4212891,-0.2546616,1.691594,2012-06-18_011423312
-0.4220683,-0.2539563,1.682372,2012-06-18_011423384
-0.4223324,-0.2537584,1.676623,2012-06-18_011423452
-0.422033,-0.2541959,1.67014,2012-06-18_011423532
-0.4209041,-0.2550873,1.66643,2012-06-18_011423607
-0.4187827,-0.2559509,1.663449,2012-06-18_011423681
-0.4161202,-0.256627,1.661142,2012-06-18_011423755
-0.4126575,-0.2574872,1.658978,2012-06-18_011423844
-0.4109011,-0.2578889,1.658143,2012-06-18_011423913
-0.4095647,-0.2581791,1.657658,2012-06-18_011423987
-0.4083228,-0.258374,1.657319,2012-06-18_011424078
-0.4077857,-0.2584653,1.657218,2012-06-18_011424157
-0.4072553,-0.2585472,1.657145,2012-06-18_011424244
-0.4070065,-0.2585497,1.657123,2012-06-18_011424310
-0.4067839,-0.2585207,1.657097,2012-06-18_011424382
-0.4065707,-0.2584767,1.657061,2012-06-18_011424456
-0.4062123,-0.2584161,1.65699,2012-06-18_011424538
-0.405828,-0.258348,1.656902,2012-06-18_011424607
-0.40531,-0.2582601,1.65683,2012-06-18_011424691
-0.4044812,-0.2584378,1.65668,2012-06-18_011424755
-0.4026551,-0.2595612,1.656252,2012-06-18_011424836
-0.4013559,-0.2604231,1.65591,2012-06-18_011424910
-0.400027,-0.2611179,1.655561,2012-06-18_011424989
-0.3981494,-0.2618785,1.655007,2012-06-18_011425084
-0.3965107,-0.262241,1.654464,2012-06-18_011425169
-0.3957098,-0.2623899,1.654034,2012-06-18_011425232
-0.3951015,-0.2625688,1.653571,2012-06-18_011425307
-0.3946513,-0.2627597,1.653136,2012-06-18_011425381
-0.3943527,-0.2628999,1.65283,2012-06-18_011425455
-0.3941322,-0.2628829,1.652732,2012-06-18_011425549
-0.3940785,-0.2627599,1.652866,2012-06-18_011425622
-0.3942375,-0.2626041,1.653205,2012-06-18_011425706
-0.3946427,-0.2624164,1.653704,2012-06-18_011425775
-0.3952557,-0.2620594,1.65431,2012-06-18_011425843
-0.3959979,-0.2616425,1.654927,2012-06-18_011425911
-0.3967022,-0.2612443,1.655508,2012-06-18_011425992
-0.3976467,-0.2607689,1.656393,2012-06-18_011426090
-0.3984115,-0.2605159,1.657336,2012-06-18_011426167
-0.3987958,-0.2604798,1.657938,2012-06-18_011426267
-0.3992195,-0.2605197,1.658658,2012-06-18_011426348
-0.399425,-0.2605707,1.659021,2012-06-18_011426421
-0.3995849,-0.260637,1.659303,2012-06-18_011426489
-0.3998778,-0.2607632,1.65961,2012-06-18_011426575
-0.400102,-0.260862,1.659799,2012-06-18_011426646
-0.4003446,-0.2609645,1.659998,2012-06-18_011426721
-0.4008186,-0.2612042,1.660354,2012-06-18_011426807
-0.4012518,-0.2615415,1.66072,2012-06-18_011426887
-0.4017104,-0.2619768,1.66112,2012-06-18_011426952
-0.4021508,-0.2623878,1.661516,2012-06-18_011427022
-0.4027297,-0.2627913,1.662093,2012-06-18_011427108
-0.4030402,-0.2629627,1.662427,2012-06-18_011427189
-0.4034701,-0.2630823,1.662887,2012-06-18_011427274
-0.4037355,-0.2631286,1.66317,2012-06-18_011427355
-0.403969,-0.2631731,1.663425,2012-06-18_011427423
-0.4042472,-0.2632069,1.663739,2012-06-18_011427508
-0.4043893,-0.2632371,1.663906,2012-06-18_011427581
-0.404499,-0.2633038,1.664042,2012-06-18_011427654
-0.4045921,-0.2634467,1.664182,2012-06-18_011427736
-0.4046045,-0.2635399,1.664228,2012-06-18_011427819
-0.4045587,-0.263657,1.664221,2012-06-18_011427893
-0.40437,-0.2639099,1.664072,2012-06-18_011427974
-0.4041899,-0.2641367,1.663839,2012-06-18_011428043
-0.4040294,-0.264322,1.663574,2012-06-18_011428117